4OFF
# Vertices for 3{8}2 , 4D real representation
72

# Vertices.  Each line is the XYZW coordinates of one vertex.
2.892080879602976 -0.000000005745019890368575 1.592120495251918 0.0000001144797712182566
2.096020621525003 -0.5160311794010248 2.096021303244469 -1.358706575364831
2.096020795593953 0.5160312666971306 2.096020795380174 1.358707057142512
0.7960598168236936 -1.358706652908984 2.746001544142482 -0.937368659873447
2.89208087960298 -0.000000005745019762812802 0.649980853127842 -1.453400344698052
2.892081032767887 -0.0000001013684713946361 0.6499803658938802 1.453400257817177
0.6499800585828668 -0.4213375959011331 2.24210109367458 -2.296075505081329
0.7960599969225127 1.358706883974953 2.746001091998095 0.937369496543612
0.6499801456693799 -2.296075752318234 2.242100733324647 0.4213380318026028
0.6499802386816869 2.296075940982809 2.242100641530195 -0.4213373486642695
1.446040382843313 -2.812107120383839 0.7960603038383523 0.5160312324772677
0.6499803257681982 0.4213377845657017 2.242100281180257 2.296076188219654
-0.6499806530020601 -1.453400135040414 2.892081029942566 0.0000004712036953957721
2.746001274527064 0.937368955639389 -0.7960597266980994 -1.358707046568531
2.242100553834783 -0.4213377903107193 -0.6499797859283425 -2.296076073739882
-0.6499805660196229 1.453400467474851 2.892080882428207 0.0000005668271170211625
0.6499802988342894 -2.296075847941687 1.29996060396661 1.874738175140004
0.6499802386816852 2.296075940982809 1.29996099940612 -1.874737807842094
2.74600136161357 -0.937369200777722 -0.7960600870480302 1.358706490315396
2.24210064092129 -2.296075946727831 -0.6499801462782733 0.4213374631440436
0.1460795179894006 0.937369195032698 1.446040940175875 -2.812106835013452
1.446040496759661 2.812107114638821 0.7960601914135612 -0.5160311179974912
1.446040382843314 -2.81210712038384 -0.1460793382857238 -0.937369226700565
2.242100733933598 2.296075746573217 -0.6499802380727315 -0.4213379173228259
1.29996062460249 -1.874738063375983 -0.6499797887536269 -2.296076071908447
0.1460797582408255 -0.937369057007853 1.446040092591978 2.812107304385706
-1.592120495251909 0.0000001944095922648548 2.892080879602921 0.0000005686585555775281
2.242100821020109 0.4213375901561095 -0.6499805984226626 2.2960756195611
-0.796060411242887 -0.5160310780325604 1.446040937350589 -2.812106833182011
1.446040649924572 2.812107019015368 -0.1460799379444745 0.937369025339913
-0.0000001800988171929419 -2.71741353688394 0.0000004521443867089303 -1.874738156417056
2.096021035845376 -1.358706985343428 -2.096020726104213 0.5160307612735695
-0.0000000870865115576436 1.874738156417109 0.000000360349937444937 -2.717413536883924
-0.7960600840090228 0.5160312724421533 1.446039942252332 2.812107401840569
-2.09602106277928 -1.358706647163966 2.096020691014642 0.516031684824608
1.299960978770259 1.874737919606117 -0.6499807487623074 2.296075717015956
-1.299960978770256 -1.874737919606117 0.6499807487623085 -2.296075717015956
2.096021062779285 1.358706647163966 -2.096020691014641 -0.5160316848246069
0.796060084009028 -0.5160312724421536 -1.446039942252336 -2.812107401840569
0.0000000870865104474206 -1.874738156417103 -0.000000360349932670978 2.717413536883931
-2.096021035845375 1.35870698534342 2.096020726104214 -0.5160307612735666
0.0000001800988155276073 2.71741353688394 -0.0000004521443857097296 1.874738156417056
-1.446040649924573 -2.812107019015368 0.1460799379444749 -0.937369025339914
0.7960604112428862 0.5160310780325574 -1.446040937350585 2.812106833182011
-2.242100821020107 -0.4213375901561124 0.6499805984226658 -2.296075619561095
-0.1460797582408228 0.937369057007851 -1.446040092591978 -2.812107304385709
1.592120495251912 -0.0000001944095917964794 -2.892080879602922 -0.0000005686585553554835
-1.29996062460249 1.874738063375983 0.6499797887536304 2.296076071908445
-2.242100733933595 -2.296075746573214 0.6499802380727325 0.4213379173228278
-1.446040382843317 2.812107120383833 0.1460793382857277 0.937369226700562
-0.1460795179894032 -0.937369195032698 -1.446040940175871 2.81210683501345
-0.6499802386816884 -2.296075940982806 -1.299960999406112 1.874737807842101
-2.242100640921288 2.296075946727828 0.6499801462782728 -0.4213374631440394
-1.446040496759661 -2.812107114638815 -0.7960601914135634 0.5160311179974912
-2.746001361613571 0.93736920077772 0.7960600870480313 -1.358706490315392
-0.6499802988342899 2.296075847941685 -1.299960603966609 -1.874738175140004
0.6499805660196233 -1.453400467474851 -2.892080882428209 -0.0000005668271163550287
-2.242100553834774 0.4213377903107232 0.6499797859283394 2.296076073739882
-2.74600127452706 -0.937368955639385 0.7960597266981021 1.358707046568534
0.649980653002062 1.453400135040415 -2.892081029942563 -0.0000004712036973941736
-0.649980325768193 -0.421337784565706 -2.242100281180257 -2.296076188219654
-1.446040382843313 2.812107120383835 -0.7960603038383519 -0.5160312324772622
-0.6499802386816853 -2.296075940982806 -2.242100641530191 0.421337348664274
-0.6499801456693762 2.296075752318234 -2.242100733324644 -0.4213380318025997
-0.7960599969225095 -1.358706883974952 -2.746001091998091 -0.93736949654361
-0.6499800585828668 0.421337595901132 -2.242101093674579 2.296075505081325
-2.892081032767886 0.0000001013684658157654 -0.649980365893875 -1.453400257817177
-2.892080879602972 0.000000005745018020207394 -0.6499808531278374 1.453400344698055
-0.7960598168236901 1.358706652908985 -2.746001544142479 0.937368659873446
-2.096020795593949 -0.5160312666971352 -2.096020795380167 -1.35870705714251
-2.892080879602972 0.000000005745016316838214 -1.592120495251911 -0.0000001144797713292789
-2.096020621524998 0.5160311794010256 -2.096021303244463 1.358706575364833