4OFF
# Vertices for 5{5/2}5 , 4D real representation
120

# Vertices.  Each line is the XYZW coordinates of one vertex.
2.61803 5.8541 -2.61803 -2.61803
4.23607 4.23607 1. -4.23607
5.23607 5.23607 0 0
5.8541 2.61803 -2.61803 -2.61803
1.61803 6.8541 1.61803 -1.61803
0 5.23607 0 -5.23607
2.61803 2.61803 -2.61803 -5.8541
4.23607 4.23607 -4.23607 1.
1.61803 6.8541 -1.61803 1.61803
6.8541 1.61803 1.61803 -1.61803
4.23607 4.23607 4.23607 -1.
2.61803 2.61803 -5.8541 -2.61803
-1.61803 6.8541 -1.61803 -1.61803
-1. 4.23607 -4.23607 -4.23607
0 5.23607 -5.23607 0
1. 4.23607 4.23607 -4.23607
5.23607 0 0 -5.23607
2.61803 5.8541 2.61803 2.61803
6.8541 1.61803 -1.61803 1.61803
1.61803 1.61803 1.61803 -6.8541
4.23607 4.23607 -1. 4.23607
4.23607 1. 4.23607 -4.23607
5.8541 2.61803 2.61803 2.61803
4.23607 -1. -4.23607 -4.23607
-2.61803 5.8541 2.61803 -2.61803
5.23607 0 -5.23607 0
-1.61803 6.8541 1.61803 1.61803
6.8541 -1.61803 -1.61803 -1.61803
0 5.23607 5.23607 0
-1.61803 1.61803 -1.61803 -6.8541
1. 4.23607 -4.23607 4.23607
0 0 -5.23607 -5.23607
-4.23607 4.23607 -1. -4.23607
-2.61803 5.8541 -2.61803 2.61803
1.61803 1.61803 -6.8541 1.61803
1.61803 -1.61803 -1.61803 -6.8541
-2.61803 2.61803 2.61803 -5.8541
4.23607 1. -4.23607 4.23607
0 5.23607 0 5.23607
5.23607 0 5.23607 0
-4.23607 4.23607 -4.23607 -1.
-1.61803 1.61803 -6.8541 -1.61803
5.8541 -2.61803 2.61803 -2.61803
1.61803 1.61803 6.8541 -1.61803
6.8541 -1.61803 1.61803 1.61803
2.61803 2.61803 5.8541 2.61803
-5.23607 5.23607 0 0
1.61803 -1.61803 -6.8541 -1.61803
0 0 5.23607 -5.23607
2.61803 -2.61803 2.61803 -5.8541
2.61803 2.61803 2.61803 5.8541
5.23607 0 0 5.23607
4.23607 -4.23607 -1. -4.23607
5.8541 -2.61803 -2.61803 2.61803
-2.61803 2.61803 5.8541 -2.61803
-1. 4.23607 4.23607 4.23607
-4.23607 1. -4.23607 -4.23607
-2.61803 2.61803 -5.8541 2.61803
4.23607 -4.23607 -4.23607 -1.
-1.61803 -1.61803 1.61803 -6.8541
-4.23607 4.23607 4.23607 1.
1.61803 1.61803 -1.61803 6.8541
2.61803 -2.61803 5.8541 -2.61803
4.23607 -1. 4.23607 4.23607
1. -4.23607 -4.23607 -4.23607
-5.8541 2.61803 2.61803 -2.61803
2.61803 -2.61803 -5.8541 2.61803
-4.23607 4.23607 1. 4.23607
-5.23607 0 0 -5.23607
-2.61803 -2.61803 -2.61803 -5.8541
0 0 -5.23607 5.23607
-2.61803 2.61803 -2.61803 5.8541
5.23607 -5.23607 0 0
-1.61803 1.61803 6.8541 1.61803
-2.61803 -2.61803 -5.8541 -2.61803
-6.8541 1.61803 -1.61803 -1.61803
-1.61803 -1.61803 -6.8541 1.61803
-5.8541 2.61803 -2.61803 2.61803
4.23607 -4.23607 4.23607 1.
1.61803 -1.61803 6.8541 1.61803
-5.23607 0 -5.23607 0
0 -5.23607 0 -5.23607
-4.23607 -1. 4.23607 -4.23607
2.61803 -2.61803 -2.61803 5.8541
-1.61803 1.61803 1.61803 6.8541
2.61803 -5.8541 2.61803 -2.61803
-1.61803 -1.61803 6.8541 -1.61803
4.23607 -4.23607 1. 4.23607
0 0 5.23607 5.23607
-1. -4.23607 4.23607 -4.23607
1.61803 -1.61803 1.61803 6.8541
0 -5.23607 -5.23607 0
-6.8541 1.61803 1.61803 1.61803
1.61803 -6.8541 -1.61803 -1.61803
-5.23607 0 5.23607 0
2.61803 -5.8541 -2.61803 2.61803
-4.23607 1. 4.23607 4.23607
-5.8541 -2.61803 -2.61803 -2.61803
-4.23607 -1. -4.23607 4.23607
-4.23607 -4.23607 1. -4.23607
-1.61803 -1.61803 -1.61803 6.8541
-2.61803 -5.8541 -2.61803 -2.61803
-6.8541 -1.61803 1.61803 -1.61803
-1. -4.23607 -4.23607 4.23607
-5.23607 0 0 5.23607
0 -5.23607 5.23607 0
1. -4.23607 4.23607 4.23607
1.61803 -6.8541 1.61803 1.61803
-2.61803 -2.61803 5.8541 2.61803
-6.8541 -1.61803 -1.61803 1.61803
-4.23607 -4.23607 -4.23607 1.
-1.61803 -6.8541 1.61803 -1.61803
-4.23607 -4.23607 4.23607 -1.
0 -5.23607 0 5.23607
-2.61803 -2.61803 2.61803 5.8541
-1.61803 -6.8541 -1.61803 1.61803
-5.8541 -2.61803 2.61803 2.61803
-5.23607 -5.23607 0 0
-4.23607 -4.23607 -1. 4.23607
-2.61803 -5.8541 2.61803 2.61803