4OFF
# Vertices for 2{10}3 , 4D real representation
240

# Vertices.  Each line is the XYZW coordinates of one vertex.
0.4999987868146968 -2.161548864276315 4.885323916132925 1.262415070481559
-0.000001054424609070459 -4.085254152217288 3.51930412942633 -1.143490625926948
-0.5000009131584722 -3.537933876818054 3.885327443902162 1.587333449201587
1.675041205219303 -3.156136572598551 4.076310372339711 -0.999553149896843
-0.3090184641299166 -0.951041356897451 5.420553641602225 0.000000002753235625596595
-1.675043591099318 -3.156136573148149 3.885326549317952 -1.587338136601185
-1.675043833922018 -1.4548324550417 4.885321741014609 -1.262416739494862
-2.401259391491393 -3.305040035878545 3.519300941980187 1.143485212401704
1.675040962396605 -1.454832454492103 4.694339734901865 -1.850202316548399
3.019291674146396 -3.305040034989268 3.210285564850149 0.1924281706320939
0.4999995070904177 -4.44853120652882 2.484071652724889 2.042628815219939
2.210274515759927 -1.56880237094704 4.385322615588219 1.950606341190688
-0.0000005691629634263506 -5.136721379270458 1.901272999822596 -0.6177607199237741
2.401258077981445 -4.155694890804975 2.21028756301887 1.568809217661587
-3.210276549877864 -1.56880237183632 4.076304298637602 0.999550254626179
0.3090155246199606 -0.951041356796076 4.385321168120539 -3.186120187756714
-2.210276642746512 -0.192419495753547 4.694334577505676 1.85020232131716
0.3090155243094952 0.95107167578602 5.420548489630928 0.000001676729298349944
-0.5000012131852474 -2.161548864440383 3.210282045434771 -3.892835513786661
-3.019293380241257 -3.305040035979941 2.484068133309518 -2.042634869198812
-0.809017902733453 -0.5877758833708371 4.385318861833863 3.186120192211557
2.710274171764373 0.02998513166941041 4.694335731316812 -0.999550250171346
-3.01929298765633 -4.15569489169426 1.901269246068252 0.6177531310970697
0.4999990868414797 -3.537933876654013 2.210286115551184 -3.567917311285811
3.210274422891289 -0.1924194948642661 4.385319200375635 0.899145279547542
-0.866025930996718 -2.042627076250717 3.21028040745394 3.892832808497662
2.401257685396534 -3.305040035090664 2.175052756179483 -2.993691910968421
-1.675042668491442 -5.155247616477105 1.000013963257791 -0.000004382018320869818
2.484058865321898 -2.042627075701112 3.019298401341213 3.305047231444105
1.675042127827166 -5.155247615927493 0.809031957145074 -0.5877899590718706
-2.710276893873424 0.02998513078013493 4.385317414366201 -1.950606336735856
4.385317193700734 -1.950599674452906 2.710282181821457 -0.02997283349394775
0.866025119202933 -2.568360689493146 2.401265312338503 4.155697608888944
-0.500000007766473 -4.773455905743843 0.866038220054242 2.568359469534521
3.019292066731331 -4.155694890703597 1.175055089537191 -1.617310972848362
0.80901608582449 0.5877946214744769 4.385316012929487 3.186121117876212
-0.5000004929095598 -4.448531206692896 0.809029782026735 -3.11262176904826
-2.484059677115696 -2.568360690042751 2.210281489316747 3.567912622184613
3.210274515759896 -1.568802370782999 2.710281287237241 -3.204644419296715
1.175041212985823 1.617319332981241 4.88531348063646 1.587338141056023
-2.401258998906449 -4.155694891592862 0.866036772586582 -2.568367059412885
-4.38531881832837 -0.899135905701832 3.210276888038578 -0.1924308759210995
-0.3090184644403617 0.951071675684618 4.385315680960256 -3.186118404871213
-2.175043583332794 1.61731933243164 4.694329657614691 0.999553154351691
-0.000001464955008412261 1.999116636651152 4.885312586052246 -1.587333444746756
-4.385318668255685 -1.950599675891786 2.210280041849075 -1.568813906762788
-2.210276549877896 -1.568802371672275 2.401262970286618 -4.155700505861228
-2.210275477315938 -3.89283465718896 0.809026799748865 3.112614678793697
4.385317043628058 -0.89913590426296 2.710279504795795 -1.731273494744257
3.210275588321851 -3.892834656299684 0.5000114226188289 2.161557637024086
-2.710276801507158 1.731285792023363 4.385312493514119 -0.899142566542545
-3.210276642746457 -0.1924194959176108 3.01929270680752 -3.305048262951064
-3.885318256813366 -1.262412960013375 2.175044411337136 2.993688565225811
-4.385318098052661 -3.186118247954347 0.809024624630547 0.5877828688172828
2.710274264130645 1.731285792912631 4.076297116384068 -1.850199608312151
2.21027442289134 -0.192419495028342 2.710277329677469 -4.256105304720673
3.885317755097202 -1.587334200926283 1.675047402053107 3.156147355964356
1.675042670174325 -5.1552532092497 -0.809002213712505 0.5877802948498863
0.80901725125507 -3.112620539960936 0.5000082351726832 4.448533475352746
4.885317605143065 -1.262412958574499 1.67504702809436 1.454845946402644
0.3090174100157643 -5.036325827901911 -0.866011551533906 2.04262777894423
4.385317763903764 -3.186118246515468 0.3090272413877706 -0.951059750005871
4.076300204125769 0.999558318994316 3.210273599753154 1.568813909516017
1.901258085747993 0.6177610147748151 3.019290671315599 4.155700508614444
0.4999999922334655 -4.773455905579792 -0.809003108296717 -2.586891290952881
-1.675042126144294 -5.155253209799303 -0.999986036734283 -0.00000469185444509912
-3.519292979889813 0.6177610138855263 2.710272354364985 3.204644422049955
-4.885318106859221 -1.587334202365169 1.175045262080723 1.617306282695525
2.175041212985794 1.617319333145285 3.210272152285476 -3.567912619431385
0.809016086016385 -0.5877758831054118 1.6750450600012 -5.155250758785809
2.21027598071495 -3.567919007598201 -0.4999899704640123 3.537939785937425
4.385318099092726 -3.186121703378696 -0.3090070420264632 0.951053186838988
-1.175043341012477 2.993698751651189 4.076291958987871 1.850205029553409
-2.484059919746519 -2.042627076516182 0.5000057280851173 -4.448537857371073
-4.694335657830659 0.999558317555434 2.710271459780772 0.02997283624718203
-1.175043583332825 1.617319332595684 3.019288329263712 -4.15569760613572
2.17504145530615 2.993698752200789 3.885309952875135 1.262419452499865
-1.901258898581843 1.143491170814342 2.710271159953444 4.256106981449973
-3.210275477315888 -3.89283465735302 -0.866015070949279 -2.042635905474518
0.866024876572098 -2.042627075966589 0.3090237219723785 -5.036323434424615
3.51929216705595 1.143491171703616 2.401255782823407 3.305049939680357
0.999999999999958 0.0000000001640598767949086 1.675041870698153 5.155250584268204
-0.3090165787340959 -5.03632582800331 -1.901244360204576 -1.143492302656282
2.210275588321896 -3.892834656463752 -1.17503044807933 -2.993692947244123
-0.999999999999959 -0.0000000001640574898154057 1.675041328350972 5.155250760487398
-3.210275084922843 -3.567919008487483 -0.809008287414633 2.586883699372915
4.694334192875642 0.999558319095695 2.175041126271471 -1.617306280993938
2.484059107952742 -2.568360689227721 -0.3090084894941406 -4.185673342108415
-0.809017550971408 2.586892519756542 3.210267526051026 3.567917314039056
2.710274523526424 3.20465353479679 3.519284395533973 -0.61775312834384
-4.385317762863687 -3.186121704817575 -0.80900918199885 -0.5877878864298526
-0.866025688365875 -2.568360689777323 -0.4999923125159135 -4.773458328812731
-4.076301519318567 1.850207580048959 2.710268984835132 1.731275171473557
-0.000001165430561389513 3.700415161435407 3.885307777756815 -1.262412357476558
-4.885318256813306 -1.262412960177439 0.5000025406389838 -2.161562019042418
-0.809017902925307 0.5877946212090049 1.67504133356066 -5.155249547992524
-0.809016437778429 -2.586892520022 -0.4999937242183695 4.77345363695829
4.885317755097169 -1.587334200762242 0.00000607370212313274 -1.999103404523045
4.694334342637867 1.850207581487829 2.210271601592353 0.1924325526503978
-1.901258178306144 -1.143491171438177 0.309018896545413 5.036320726188359
-2.710274915800885 -4.256111711664568 -1.901247547650726 1.143483535672377
3.88531760514311 -1.262412958738571 0.000005157396197996711 -3.700404637865571
-2.710276542111379 3.20465353390752 3.210266078583362 -1.568809214908356
-4.076301669080786 0.999558317656821 1.675038986299092 -3.156147354262782
3.519292887331667 -1.143491170548898 0.000003519415374575452 4.08526368441874
2.710276149836901 -4.256111710775295 -2.210262924780766 0.1924264939027706
-0.3090178949669604 4.185680022373003 3.519280641779625 0.6177607226770139
-3.885318106859245 -1.587334202201109 -0.4999960662702438 -3.537944477791887
5.420551065637796 0.00000000088925888874769 0.30901831695062 0.951056086564503
1.901258991139989 -0.6177610141509834 0.000001447467666448876 5.136726528947396
-0.309016093782907 -4.18568002247441 -2.484048168297939 2.568359467832916
3.210275980714902 -3.567919007434157 -2.175031298814989 -1.617310974549976
-4.694335508068423 1.850207579947553 1.675036176164471 -1.454844910126959
-2.175043341012408 2.993698751487114 2.401250088289717 -3.305045554714807
-5.42055106563781 -0.00000000088928953090317 0.3090153771300483 0.951057041769603
1.175041455306205 2.993698752036721 2.210268082176976 -3.892831131768357
0.809016737494744 3.11262054022639 2.210266444196153 3.892837190515952
-3.519292074497819 -0.6177610150402617 -0.3090168694829388 4.185670442382889
2.210275084922892 3.567919008323414 2.484049615765617 2.568367061114462
-4.076300353887994 -1.850207581386463 -1.175038792921678 2.993687528950097
4.076300353887999 1.850207581386428 1.175038792921683 -2.993687528950113
-2.210275084922884 -3.567919008323427 -2.484049615765598 -2.568367061114492
3.519292074497823 0.6177610150402327 0.3090168694829438 -4.185670442382906
-0.809016737494756 -3.112620540226411 -2.210266444196141 -3.892837190515964
-1.175041455306199 -2.99369875203675 -2.210268082176972 3.892831131768337
5.420551065637799 0.000000000889252227409543 -0.3090153771300439 -0.951057041769615
4.694335508068422 -1.850207579947591 -1.675036176164454 1.454844910126939
2.175043341012427 -2.993698751487147 -2.401250088289706 3.305045554714785
-3.210275980714922 3.567919007434135 2.175031298815006 1.617310974549959
-5.42055106563779 -0.000000000889294415884478 -0.3090183169506004 -0.951056086564521
0.3090160937829234 4.185680022474375 2.484048168297947 -2.568359467832937
-1.901258991139979 0.6177610141509575 -0.00000144746767821724 -5.136726528947399
3.885318106859257 1.587334202201094 0.4999960662702618 3.537944477791859
0.3090178949669506 -4.185680022373023 -3.519280641779607 -0.6177607226770303
-2.71027614983691 4.256111710775267 2.210262924780791 -0.1924264939027913
-3.519292887331644 1.143491170548884 -0.000003519415360808686 -4.085263684418762
4.076301669080773 -0.99955831765685 -1.675038986299081 3.156147354262761
2.710276542111371 -3.204653533907546 -3.210266078583348 1.568809214908332
-3.885317605143117 1.262412958738537 -0.000005157396200439202 3.700404637865559
2.710274915800892 4.256111711664547 1.901247547650733 -1.143483535672401
-4.694334342637856 -1.850207581487859 -2.210271601592346 -0.1924325526504173
1.901258178306127 1.143491171438137 -0.3090188965454281 -5.036320726188344
-4.885317755097168 1.587334200762204 -0.000006073702114584023 1.99910340452303
0.809016437778443 2.586892520021962 0.4999937242183622 -4.773453636958298
0.809017902925316 -0.5877946212090333 -1.675041333560656 5.155249547992501
4.885318256813314 1.262412960177411 -0.5000025406389779 2.161562019042394
0.00000116543056893903 -3.700415161435429 -3.885307777756802 1.26241235747653
4.076301519318562 -1.85020758004899 -2.710268984835122 -1.731275171473571
0.866025688365873 2.568360689777304 0.4999923125159144 4.773458328812724
4.385317762863693 3.186121704817545 0.809009181998858 0.5877878864298347
-2.710274523526422 -3.204653534796816 -3.519284395533958 0.6177531283438212
0.809017550971397 -2.586892519756564 -3.210267526051015 -3.567917314039073
-2.484059107952752 2.568360689227696 0.3090084894941403 4.185673342108404
-4.694334192875616 -0.999558319095723 -2.175041126271459 1.617306280993905
3.210275084922849 3.567919008487453 0.809008287414637 -2.586883699372932
0.999999999999952 0.0000000001640248215029061 -1.675041328350983 -5.155250760487397
-2.21027558832191 3.892834656463729 1.175030448079335 2.993692947244114
0.309016578734103 5.036325828003294 1.90124436020459 1.143492302656255
-3.51929216705596 -1.143491171703638 -2.401255782823386 -3.305049939680369
-0.99999999999993 -0.0000000001640740876496238 -1.675041870698154 -5.155250584268218
-0.866024876572097 2.04262707596656 -0.3090237219723884 5.036323434424607
3.210275477315893 3.892834657353003 0.866015070949297 2.042635905474503
-2.175041455306157 -2.993698752200812 -3.885309952875115 -1.262419452499884
1.901258898581836 -1.14349117081437 -2.710271159953445 -4.256106981449983
1.175043583332836 -1.617319332595713 -3.019288329263704 4.155697606135695
4.694335657830649 -0.99955831755547 -2.71027145978076 -0.02997283624719754
2.484059919746529 2.042627076516159 -0.5000057280851222 4.448537857371059
1.175043341012464 -2.993698751651215 -4.076291958987854 -1.850205029553428
-4.385318099092732 3.186121703378662 0.3090070420264823 -0.951053186839
-2.210275980714945 3.567919007598173 0.499989970464028 -3.53793978593744
-0.80901608601638 0.5877758831053795 -1.675045060001207 5.155250758785796
-2.175041212985788 -1.617319333145318 -3.210272152285472 3.56791261943137
4.885318106859216 1.587334202365131 -1.175045262080716 -1.617306282695537
3.519292979889802 -0.6177610138855641 -2.710272354364983 -3.204644422049961
-0.499999992233473 4.773455905579779 0.80900310829673 2.586891290952862
1.675042126144312 5.15525320979929 0.999986036734283 0.000004691854424671016
-4.07630020412576 -0.999558318994334 -3.210273599753136 -1.568813909516045
-1.901258085747991 -0.6177610147748349 -3.019290671315589 -4.155700508614466
-0.3090174100157643 5.036325827901881 0.866011551533928 -2.04262777894424
-4.385317763903755 3.186118246515438 -0.309027241387758 0.951059750005866
-4.885317605143062 1.262412958574467 -1.675047028094346 -1.454845946402659
-0.809017251255064 3.11262053996092 -0.5000082351726586 -4.448533475352768
-1.675042670174321 5.155253209249679 0.809002213712524 -0.5877802948498977
-3.885317755097202 1.58733420092626 -1.675047402053087 -3.156147355964376
-2.210274422891338 0.1924194950283098 -2.710277329677469 4.256105304720657
-2.710274264130645 -1.731285792912664 -4.07629711638406 1.850199608312135
4.385318098052666 3.186118247954314 -0.809024624630539 -0.5877828688172993
3.885318256813358 1.262412960013339 -2.175044411337135 -2.993688565225817
3.210276642746468 0.1924194959175813 -3.019292706807514 3.305048262951043
2.710276801507152 -1.731285792023396 -4.385312493514103 0.899142566542527
-3.210275588321851 3.892834656299657 -0.5000114226188073 -2.161557637024107
-4.385317043628055 0.899135904262919 -2.710279504795781 1.731273494744243
2.210275477315949 3.892834657188925 -0.809026799748863 -3.11261467879371
2.210276549877908 1.568802371672247 -2.401262970286623 4.155700505861214
4.385318668255681 1.950599675891754 -2.21028004184907 1.568813906762775
0.000001464955005303636 -1.99911663665118 -4.885312586052228 1.587333444746731
2.175043583332786 -1.617319332431673 -4.694329657614679 -0.999553154351708
0.3090184644403715 -0.95107167568465 -4.385315680960252 3.18611840487119
4.385318818328365 0.899135905701795 -3.210276888038569 0.1924308759210868
2.40125899890647 4.15569489159285 -0.866036772586575 2.568367059412867
-1.175041212985831 -1.617319332981269 -4.885313480636439 -1.587338141056039
-3.2102745157599 1.56880237078297 -2.710281287237235 3.204644419296704
2.4840596771157 2.568360690042725 -2.210281489316746 -3.567912622184633
0.5000004929095542 4.448531206692876 -0.809029782026743 3.112621769048258
-0.809016085824508 -0.5877946214744907 -4.38531601292946 -3.186121117876226
-3.019292066731348 4.155694890703561 -1.175055089537179 1.617310972848367
-4.385317193700741 1.95059967445287 -2.710282181821446 0.02997283349393408
0.5000000077664916 4.773455905743814 -0.866038220054238 -2.568359469534533
-0.866025119202913 2.568360689493123 -2.401265312338505 -4.155697608888957
2.710276893873427 -0.02998513078016738 -4.385317414366193 1.950606336735838
-1.67504212782718 5.155247615927482 -0.80903195714506 0.5877899590718552
-2.484058865321912 2.042627075701088 -3.019298401341199 -3.305047231444123
-2.401257685396543 3.305040035090632 -2.17505275617948 2.993691910968419
-3.210274422891299 0.1924194948642439 -4.38531920037561 -0.899145279547554
1.675042668491473 5.155247616477082 -1.000013963257798 0.000004382018302884205
0.866025930996702 2.042627076250688 -3.210280407453945 -3.892832808497671
-0.4999990868414862 3.537933876653987 -2.210286115551193 3.567917311285803
-2.710274171764385 -0.02998513166943972 -4.694335731316801 0.999550250171324
3.019292987656337 4.155694891694233 -1.901269246068251 -0.6177531310970893
0.809017902733442 0.5877758833708087 -4.385318861833856 -3.186120192211564
-0.3090155243095019 -0.951071675786042 -5.420548489630892 -0.000001676729329339044
0.5000012131852522 2.161548864440356 -3.21028204543477 3.892835513786648
3.019293380241263 3.305040035979915 -2.484068133309523 2.042634869198796
2.210276642746507 0.1924194957535109 -4.694334577505669 -1.850202321317174
-0.309015524619956 0.951041356796041 -4.385321168120542 3.186120187756704
3.210276549877863 1.568802371836286 -4.076304298637599 -0.999550254626193
-2.401258077981469 4.155694890804952 -2.210287563018859 -1.568809217661598
0.0000005691629638704399 5.136721379270437 -1.901272999822599 0.6177607199237758
-2.210274515759939 1.568802370947011 -4.385322615588207 -1.950606341190691
-3.01929167414641 3.305040034989235 -3.210285564850142 -0.1924281706320984
-0.4999995070904006 4.448531206528802 -2.484071652724886 -2.042628815219956
-1.675040962396603 1.45483245449206 -4.694339734901865 1.850202316548393
2.401259391491401 3.305040035878505 -3.519300941980186 -1.143485212401709
1.675043833922022 1.454832455041666 -4.885321741014606 1.262416739494844
0.3090184641299026 0.951041356897426 -5.420553641602198 -0.00000000275326211829352
1.675043591099325 3.156136573148112 -3.885326549317954 1.587338136601174
-1.675041205219296 3.15613657259852 -4.076310372339709 0.999553149896837
0.5000009131584808 3.537933876818025 -3.885327443902167 -1.587333449201595
0.000001054424616508953 4.085254152217254 -3.519304129426323 1.14349062592695
-0.4999987868146976 2.161548864276279 -4.885323916132921 -1.262415070481564