4OFF
# Vertices for 5{3}5 , 4D real representation
120

# Vertices.  Each line is the XYZW coordinates of one vertex.
-0.6724960992964863 -1.503755835109747 0.6724931202024679 -0.6724986073105494
0.4156265252371897 -1.760627995884621 0.4156060597350126 -0.4156311387371977
-0.000006699436830724452 -1.344993941333223 -0.00000997499504219914 -1.34500010646186
0.2568785579445488 -1.088134108049797 1.088114451547403 -1.088126140872729
-0.4156368258685693 -1.760618022236929 -0.4156383401011262 -0.4156308070202279
-0.4156251133704202 -1.760627997494929 0.4156136301172094 0.4156249737245129
0.00001225178326741405 -1.345010081639713 1.344983966033539 0.0000000001279596992601051
1.088122957830209 -1.088127941390998 0.2568511004644605 -1.088130282984121
-1.088133797746707 -1.08811797034884 -0.2568672403454781 -1.088125604143397
-0.672496432593019 -0.6725000544936236 0.6725030955708511 -1.50375057773995
0.6724855926765215 -1.503745857246213 -0.6725192354518688 -0.6725053093875678
-0.6724847200948711 -0.6725100297516238 1.503755065789188 -0.6724947969952096
1.088134670328358 -1.088137916648998 1.088103070682797 -0.2568745022393807
-1.345000103907988 -1.344993943938756 0.000002274140659008772 0.0000005368572907511748
0.4156192865152407 -1.76062183083613 -0.4156497209657333 0.4156208316131198
-1.088114846526609 -1.08813411065533 1.088126700683105 0.2568745024464239
0.6725045438966192 -1.503761997552703 0.6724747055767121 0.6724947972022513
-1.503748071200629 -0.6725000561039314 0.6725106659530478 -0.6724944652782402
1.344993943756274 -1.34500010377618 -0.0000283896207978751 -0.000006701949058909168
0.4156259859520707 -0.4156278895029084 0.4156222002201092 -1.760625080107289
-0.256889397861045 -1.08811180369004 -1.088130591428419 -1.088129746254789
0.4156449371721699 -0.4156440298093982 1.760616141248692 -0.4156249735174697
-0.6725078117946348 -1.503745859851746 -0.6725069863161673 0.672495333931583
-0.2568587341427992 -1.08813791925453 1.088115319818496 1.088126141079769
0.6724852593799887 -0.6724900766300911 -0.6725092600834844 -1.503757279816968
-0.4156373651536879 -0.4156179158552164 -0.4156221996160303 -1.760624748390319
0.00001171249814749253 -0.0000099752580008574 1.345000106518635 -1.344993941242133
1.088134337031824 -0.2568821360328753 1.088113046051179 -1.088126472668781
-1.088141036468655 -1.088111805300348 -1.088123021046222 -0.2568736337930805
-0.0000184119349790901 -1.344983966075223 -1.345010081513679 -0.000006165219727696791
-0.4156067014354406 -0.4156440314197056 1.760623711630888 0.4156311389442397
0.6725159230982358 -0.6725161921945803 1.503736651163432 0.6724986075175919
-1.088122085248558 -1.088127945606839 0.2568709199823588 1.088126472796741
0.0000005392851186308834 -1.345000106381713 -0.00001614048509579122 1.344993941370092
-1.345000643193106 0.000006162442956200026 0.00001841462575474795 -1.344993404512802
1.503741371763798 -0.6724938852292924 -0.6725206409480904 -0.6725056411836202
-1.088115385811727 0.2568659957263828 1.088142841168201 -1.08811943892367
1.760626629145176 -0.4156340519458658 0.415603785594354 -0.4156316755944883
1.08811124533206 -1.088117966132998 -1.088149006054174 0.2568636582580118
-1.760630769624843 -0.4156179184607479 -0.4156099504803279 -0.4156241050711698
-1.344981691973009 -0.00000997786353335375 1.345012355654337 0.00000670207701867348
1.503760322983896 -0.6725100255357824 0.6724733000804902 0.6724944654061991
-1.760619057126696 -0.4156278937187482 0.4156420197380082 0.4156316756735714
1.08812295783021 -1.088127941390998 -0.2568970358358396 1.088119439002753
-0.4156259859520723 0.4156278895029057 0.4156397459706904 -1.76062093807498
1.344993404471156 0.000000002605531925631288 -0.00001224913570124775 -1.345000643319151
-1.088141369765188 -0.256856024684226 -1.088113045677839 -1.08812560422248
0.6724780206580401 -0.6724839115816009 -1.503765040784229 -0.6725053094666501
1.345012355691253 -0.00001613770095878347 1.344981691892879 -0.000000536729331548913
-0.4156070347319735 0.4156117491964161 1.760633686999271 -0.4156208314851603
-1.503759783698776 -0.6724900808459307 -0.6724894405655869 0.6724994759638915
0.2568596067244502 -1.088117967743305 -1.088141435671977 1.088119770719722
0.6725086843762868 -0.6725100271460901 0.6724808704626862 1.503750577867909
-1.088110706046942 -0.2568821402487153 1.088132865569079 1.088130283112082
0.4156184139335889 0.4156340561617045 -0.4156236051122518 -1.760625080186372
-0.00001895122009787364 0.00001614030648953036 -1.344993941028581 -1.34500010658982
0.6725036713149675 0.6724938894451308 0.6725008214301936 -1.50375111459724
-0.415649077651835 -0.4156079405972161 -1.760622306134664 -0.4156308071481872
-1.760619390423229 0.4156278868973732 0.4156519951063924 -0.4156202947558293
0.6725153838131146 0.6724839141871312 1.503752791648528 -0.6724953338524998
1.760619390423226 -0.4156278868973752 -0.4156519951063903 0.4156202947558292
-0.6725153838131166 -0.6724839141871323 -1.503752791648528 0.6724953338524994
0.4156490776518353 0.4156079405972141 1.760622306134664 0.4156308071481861
-0.6725036713149677 -0.6724938894451327 -0.6725008214301933 1.50375111459724
0.00001895122009859529 -0.00001614030649004905 1.344993941028582 1.34500010658982
-0.4156184139335886 -0.4156340561617057 0.4156236051122532 1.760625080186374
-0.6725086843762867 0.6725100271460885 -0.672480870462687 -1.50375057786791
1.088110706046941 0.256882140248714 -1.088132865569077 -1.08813028311208
-0.2568596067244509 1.088117967743304 1.088141435671979 -1.088119770719722
1.503759783698777 0.6724900808459302 0.6724894405655868 -0.6724994759638923
0.4156070347319734 -0.4156117491964173 -1.76063368699927 0.4156208314851605
-1.345012355691254 0.00001613770095782244 -1.34498169189288 0.0000005367293306919596
-0.6724780206580392 0.6724839115815988 1.503765040784231 0.6725053094666507
0.4156259859520718 -0.4156278895029082 -0.4156397459706901 1.760620938074981
1.088141369765187 0.2568560246842251 1.088113045677837 1.08812560422248
-1.344993404471157 -0.000000002605533160754403 0.0000122491357020249 1.345000643319152
-1.08812295783021 1.088127941390997 0.2568970358358407 -1.088119439002753
1.760619057126694 0.4156278937187477 -0.4156420197380064 -0.4156316756735717
1.344981691973008 0.00000997786353172311 -1.345012355654336 -0.000006702077018125308
-1.503760322983895 0.6725100255357822 -0.6724733000804887 -0.6724944654062003
-1.08811124533206 1.088117966132996 1.088149006054174 -0.2568636582580133
1.760630769624844 0.4156179184607476 0.4156099504803278 0.4156241050711687
1.088115385811727 -0.2568659957263848 -1.0881428411682 1.08811943892367
-1.760626629145178 0.415634051945865 -0.4156037855943538 0.4156316755944884
-1.503741371763799 0.6724938852292906 0.6725206409480915 0.6725056411836208
1.345000643193106 -0.000006162442958260877 -0.00001841462575496999 1.344993404512801
1.088122085248557 1.088127945606837 -0.2568709199823582 -1.08812647279674
-0.0000005392851187349668 1.345000106381711 0.00001614048509717726 -1.344993941370091
-0.6725159230982346 0.6725161921945793 -1.503736651163432 -0.6724986075175926
0.4156067014354404 0.415644031419705 -1.760623711630886 -0.4156311389442403
0.00001841193497750804 1.344983966075221 1.345010081513677 0.000006165219726887543
1.088141036468656 1.088111805300348 1.088123021046223 0.2568736337930798
-1.088134337031823 0.2568821360328742 -1.08811304605118 1.08812647266878
-0.0000117124981483252 0.0000099752579994835 -1.345000106518635 1.344993941242132
-0.6724852593799884 0.6724900766300896 0.6725092600834849 1.503757279816967
0.4156373651536886 0.4156179158552155 0.4156221996160302 1.760624748390321
0.2568587341427991 1.08813791925453 -1.088115319818496 -1.088126141079771
0.6725078117946347 1.503745859851745 0.6725069863161672 -0.6724953339315834
-0.4156449371721677 0.4156440298093972 -1.76061614124869 0.4156249735174696
0.2568893978610457 1.088111803690039 1.088130591428419 1.088129746254789
-0.4156259859520706 0.4156278895029074 -0.4156222002201083 1.760625080107291
-1.344993943756276 1.345000103776178 0.00002838962079804164 0.000006701949058801615
1.50374807120063 0.6725000561039295 -0.672510665953048 0.6724944652782404
1.088114846526608 1.088134110655328 -1.088126700683103 -0.2568745024464221
-0.6725045438966191 1.503761997552703 -0.6724747055767109 -0.6724947972022522
-0.4156192865152401 1.760621830836129 0.415649720965734 -0.4156208316131199
1.345000103907988 1.344993943938754 -0.000002274140659008772 -0.0000005368572908066859
0.6724847200948705 0.6725100297516224 -1.503755065789186 0.6724947969952098
-1.088134670328357 1.088137916648997 -1.088103070682795 0.256874502239381
-0.6724855926765231 1.503745857246212 0.6725192354518689 0.6725053093875672
-1.088122957830208 1.088127941390997 -0.2568511004644609 1.08813028298412
0.6724964325930198 0.6725000544936225 -0.6725030955708517 1.503750577739951
1.088133797746706 1.088117970348839 0.2568672403454768 1.088125604143398
-0.00001225178326674792 1.345010081639712 -1.344983966033537 -0.0000000001279587919997272
0.4156251133704203 1.760627997494927 -0.4156136301172094 -0.4156249737245121
0.415636825868569 1.760618022236928 0.4156383401011261 0.4156308070202276
-0.2568785579445476 1.088134108049795 -1.088114451547402 1.088126140872729
0.000006699436831051066 1.344993941333223 0.00000997499504215277 1.345000106461861
-0.4156265252371892 1.76062799588462 -0.4156060597350109 0.4156311387371974
0.6724960992964859 1.503755835109745 -0.6724931202024676 0.6724986073105498