4OFF
# Vertices for 3{8}2 , 4D real representation
72

# Vertices.  Each line is the XYZW coordinates of one vertex.
19.798 0 10.899 0
14.3485 -3.53254 14.3485 -9.30116
14.3485 3.53254 14.3485 9.30116
5.4495 -9.30116 18.798 -6.41685
19.798 0 4.44951 -9.94939
19.798 0 4.4495 9.94939
4.4495 -2.88431 15.3485 -15.718
5.4495 9.30116 18.798 6.41685
4.4495 -15.718 15.3485 2.88431
4.4495 15.718 15.3485 -2.8843
9.89901 -19.2505 5.44951 3.53254
4.4495 2.88431 15.3485 15.718
-4.4495 -9.94939 19.798 0
18.798 6.41685 -5.4495 -9.30116
15.3485 -2.88431 -4.4495 -15.718
-4.4495 9.94939 19.798 0
4.4495 -15.718 8.899 12.8337
4.4495 15.718 8.89901 -12.8337
18.798 -6.41685 -5.44951 9.30115
15.3485 -15.718 -4.4495 2.88431
1. 6.41685 9.89901 -19.2505
9.89901 19.2505 5.44951 -3.53254
9.89901 -19.2505 -1. -6.41685
15.3485 15.718 -4.4495 -2.88431
8.899 -12.8337 -4.4495 -15.718
1. -6.41685 9.899 19.2505
-10.899 0 19.798 0
15.3485 2.88431 -4.4495 15.718
-5.44951 -3.53254 9.89901 -19.2505
9.89901 19.2505 -1. 6.41685
0 -18.6023 0 -12.8337
14.3485 -9.30116 -14.3485 3.53254
0 12.8337 0 -18.6023
-5.4495 3.53254 9.899 19.2505
-14.3485 -9.30116 14.3485 3.53254
8.89901 12.8337 -4.44951 15.718
-8.89901 -12.8337 4.44951 -15.718
14.3485 9.30116 -14.3485 -3.53254
5.4495 -3.53254 -9.899 -19.2505
0 -12.8337 0 18.6023
-14.3485 9.30116 14.3485 -3.53254
0 18.6023 0 12.8337
-9.89901 -19.2505 1. -6.41685
5.44951 3.53254 -9.89901 19.2505
-15.3485 -2.88431 4.4495 -15.718
-1. 6.41685 -9.899 -19.2505
10.899 0 -19.798 0
-8.899 12.8337 4.4495 15.718
-15.3485 -15.718 4.4495 2.88431
-9.89901 19.2505 1. 6.41685
-1. -6.41685 -9.89901 19.2505
-4.4495 -15.718 -8.89901 12.8337
-15.3485 15.718 4.4495 -2.88431
-9.89901 -19.2505 -5.44951 3.53254
-18.798 6.41685 5.44951 -9.30115
-4.4495 15.718 -8.899 -12.8337
4.4495 -9.94939 -19.798 0
-15.3485 2.88431 4.4495 15.718
-18.798 -6.41685 5.4495 9.30116
4.4495 9.94939 -19.798 0
-4.4495 -2.88431 -15.3485 -15.718
-9.89901 19.2505 -5.44951 -3.53254
-4.4495 -15.718 -15.3485 2.8843
-4.4495 15.718 -15.3485 -2.88431
-5.4495 -9.30116 -18.798 -6.41685
-4.4495 2.88431 -15.3485 15.718
-19.798 0 -4.4495 -9.94939
-19.798 0 -4.44951 9.94939
-5.4495 9.30116 -18.798 6.41685
-14.3485 -3.53254 -14.3485 -9.30116
-19.798 0 -10.899 0
-14.3485 3.53254 -14.3485 9.30116