4OFF
# Vertices for 3{4}3 , 4D real representation
24

# Vertices.  Each line is the XYZW coordinates of one vertex.
-1.73205 -1. 1.41421 2.44949
-1.73205 -3. 0 0
-3.4641 0 0 0
-1.73205 1. -1.41421 2.44949
0 -2. -1.41421 2.44949
0 -2. 2.82843 0
-1.73205 1. 2.82843 0
-1.73205 -1. -2.82843 0
-1.73205 -1. 1.41421 -2.44949
1.73205 -1. 1.41421 2.44949
0 2. 1.41421 2.44949
1.73205 -3. 0 0
-1.73205 3. 0 0
0 -2. -1.41421 -2.44949
-1.73205 1. -1.41421 -2.44949
1.73205 1. -1.41421 2.44949
1.73205 1. 2.82843 0
0 2. -2.82843 0
0 2. 1.41421 -2.44949
1.73205 -1. -2.82843 0
1.73205 -1. 1.41421 -2.44949
3.4641 0 0 0
1.73205 3. 0 0
1.73205 1. -1.41421 -2.44949