4OFF
# Vertices for 4{4}2 , 4D real representation
16

# Vertices.  Each line is the XYZW coordinates of one vertex.
-0.7071067810757881 0.7071067812973006 0.7071067143185354 0.707106848054562
0.707106781297295 0.707106781075794 0.7071068474060352 0.7071067149670611
-0.7071067812972949 -0.7071067810757938 0.7071067079158027 0.7071068544572916
0.7071067810757889 -0.7071067812973018 0.7071068410033031 0.7071067213697908
-0.7071066479882882 0.7071067877000314 -0.7071068480545533 0.7071068410032987
-0.7071069141632882 0.7071067748945719 0.707106721369786 -0.7071067143185271
0.7071069143847945 0.7071067874785241 -0.7071067149670536 0.7071067079157977
-0.7071066482097947 -0.7071067746730639 -0.7071068544572858 0.7071068474060285
-0.7071069143847946 -0.7071067874785237 0.7071067149670538 -0.7071067079157974
0.7071066482097949 0.7071067746730639 0.7071068544572859 -0.7071068474060281
0.7071069141632877 -0.7071067748945712 -0.7071067213697852 0.7071067143185274
0.7071066479882884 -0.7071067877000315 0.7071068480545538 -0.7071068410032984
-0.7071067810757881 0.7071067812973022 -0.7071068410033028 -0.7071067213697906
-0.707106781297295 -0.7071067810757931 -0.7071068474060347 -0.7071067149670606
0.7071067812972949 0.707106781075794 -0.7071067079158028 -0.7071068544572916
0.7071067810757878 -0.707106781297301 -0.7071067143185347 -0.7071068480545614