4OFF
# Vertices for 4{3}4 , 4D real representation
24

# Vertices.  Each line is the XYZW coordinates of one vertex.
0.822644080717289 0.0892755402526533 -1.146859448395228 0.00000001150252282757287
0.747477160771057 -0.5460558621336401 -0.3782867721279857 1.000000003794058
1.407498242458178 0.0000000000007694400672164647 0.1376542679219994 -0.00000000138061476140372
0.7351880016333528 1.181387264520702 -0.2526316161580902 0.000000002533790177672302
0.07516691994623132 0.6353314023862926 -0.7685726562080756 1.000000007708463
0.6600210816871214 0.5460558621344099 0.5159410601091531 0.999999994825325
0.0874560790839363 -1.09211172426805 -0.894227832237139 0.0000000089687327564647
0.7474771607710574 -0.5460558621336402 -0.3782867921871532 -0.99999999620594
0.07516691994623192 0.6353314023862932 -0.7685726762672427 -0.999999992291535
-0.5848541617408892 0.0892755402518834 -1.284513716317228 0.00000001288313739022939
0.6600210816871208 0.54605586213441 0.5159410400499846 -1.000000005174672
-0.6600210816871207 -0.5460558621344093 -0.5159410400499852 1.000000005174672
-0.6723102408248249 1.181387264519933 -0.3902858840800897 0.000000003914405022342748
0.6723102408248252 -1.181387264519933 0.3902858840800898 -0.000000003914404744786992
-0.0874560790839354 1.09211172426805 0.894227832237138 -0.00000000896873297850931
-0.7474771607710561 0.5460558621336402 0.3782867921871528 0.99999999620594
-0.07516691994623114 -0.6353314023862925 0.7685726762672425 0.999999992291535
0.5848541617408896 -0.0892755402518832 1.284513716317228 -0.00000001288313800085206
-0.6600210816871208 -0.5460558621344093 -0.5159410601091531 -0.999999994825325
-0.7474771607710564 0.5460558621336402 0.3782867721279848 -1.000000003794057
-1.407498242458177 -0.0000000000007692180226115397 -0.1376542679220001 0.000000001380614955692749
-0.7351880016333525 -1.181387264520703 0.2526316161580894 -0.000000002533789400516184
-0.07516691994623183 -0.6353314023862931 0.7685726562080744 -1.000000007708463
-0.822644080717288 -0.0892755402526526 1.146859448395227 -0.00000001150252298741907