4OFF
# Vertices for 2{10}3 , 4D real representation
240

# Vertices.  Each line is the XYZW coordinates of one vertex.
38.1551 168.049 -48.5446 42.1236
-6.42101 142.015 -110.281 -38.1554
20.6128 139.665 -105.313 52.9653
-19.613 172.018 -52.3473 -33.3526
86.3177 159.278 -31.7344 0
53.9654 119.052 -118.052 -52.9655
99.8918 129.894 -72.1258 -42.1237
61.7365 99.8919 -136.315 38.1552
19.6128 172.018 -6.4209 -61.7366
-68.1576 168.049 -30.0022 6.42084
-42.1238 123.473 -110.281 68.1574
0 172.018 1. 65.0868
-52.3474 106.931 -138.665 -20.6131
-85.6999 139.665 -65.0869 52.3472
119.052 86.318 -105.313 33.3525
53.9654 138.665 -19.6128 -106.313
129.894 103.86 -48.5446 61.7366
103.86 148.436 31.7343 0
31.7344 106.313 -68.1574 -129.894
57.7682 61.7366 -148.436 -68.1576
85.6996 119.052 -31.7344 106.313
20.6129 171.4 53.9655 -33.3525
33.3524 53.9655 -171.4 20.6129
-31.7343 106.313 -85.6997 -119.052
0 172.018 57.7682 30.0022
42.1235 99.8919 -72.1259 129.894
-72.1259 129.894 -42.1236 -99.8919
-30.0022 57.7682 -172.018 0
-38.1555 142.015 -6.42102 110.281
-110.281 99.8917 -106.313 -19.6131
139.665 85.6999 -52.3473 -65.0868
-85.6999 159.278 33.3525 -1.00012
-20.6131 106.931 -52.3474 138.665
-52.9655 66.7049 -138.665 85.6997
-118.052 119.052 -52.9654 -53.9656
68.1573 129.894 31.7343 106.313
-48.5445 61.7365 -129.894 -103.86
52.9653 53.9655 -118.052 119.052
-52.3474 138.665 20.613 -106.931
85.6997 138.665 66.7049 52.9655
1.0001 33.3525 -159.278 -85.6999
142.015 38.1554 -110.281 -6.42093
99.8918 110.281 19.613 -106.313
159.278 85.6999 1.00005 33.3526
119.052 118.052 53.9655 -52.9653
106.931 20.613 -138.665 -52.3473
66.705 52.9654 -85.6997 -138.665
0 31.7344 -148.436 103.86
-68.1576 148.436 61.7366 -57.7682
-129.894 99.8917 -42.1237 72.1257
168.049 68.1576 -6.4209 -30.0021
123.473 42.1237 -68.1574 -110.281
106.313 19.613 -110.281 99.8918
61.7366 -6.42089 -172.018 19.6128
38.1552 136.315 99.8919 -61.7365
-6.42094 110.281 38.1554 -142.015
-86.318 119.052 33.3524 105.313
-138.665 53.9653 -106.313 19.6127
-61.7367 57.7682 -68.1576 148.436
-103.86 129.894 61.7365 48.5445
-106.313 31.7343 -129.894 68.1573
-148.436 103.86 0 -31.7345
-20.6131 138.665 106.931 52.3473
19.6127 106.313 53.9653 138.665
-105.313 33.3524 -119.052 -86.318
-65.0868 1. -172.018 0
138.665 20.6131 -52.3474 106.931
106.313 -19.6128 -138.665 53.9654
33.3525 105.313 86.3179 -119.052
1.00011 65.0868 0 -172.018
-119.052 53.9654 -52.9655 118.052
-159.278 86.3177 0 31.7342
148.436 68.1576 57.7682 61.7367
31.7344 0 -103.86 -148.436
172.018 0 -65.0868 1.00012
106.931 52.3474 20.6131 -138.665
68.1574 110.281 123.473 42.1237
110.281 38.1554 -6.42102 142.016
-6.42085 -30.0022 -168.049 -68.1576
-48.5445 42.1236 -38.1552 -168.049
-19.6131 106.313 99.8917 110.281
6.42078 61.7366 19.6128 172.018
-110.281 -6.42103 -142.015 -38.1554
-136.315 38.1552 -61.7365 -99.892
52.3472 33.3525 -19.613 172.018
0 -31.7343 -159.278 86.3178
-52.9655 118.052 119.052 -53.9654
-105.313 52.9653 -20.6129 -139.665
118.052 52.9655 53.9654 119.052
52.9653 105.313 139.665 -20.6129
33.3525 -52.3473 -172.018 -19.613
-31.7342 0 -86.3178 -159.278
172.018 0 -30.0022 57.7683
129.894 72.1259 99.8919 -42.1235
99.8919 -42.1236 -129.894 -72.1259
57.7683 30.0022 0 -172.018
-33.3526 1.00006 -85.6999 159.278
-138.665 85.6997 52.9654 -66.705
-38.1554 110.281 142.015 6.42099
30.0021 -6.42088 -68.1576 168.049
-42.1236 -48.5446 -168.049 38.1552
-110.281 68.1574 42.1237 -123.473
172.018 19.613 33.3525 -52.3472
139.665 -20.6129 -52.9653 -105.313
-99.892 61.7365 38.1552 136.315
-172.018 19.6128 -61.7366 6.42078
138.665 52.3474 106.931 20.6131
53.9656 -52.9654 -119.052 -118.052
-119.052 85.6997 106.313 31.7343
-53.9656 33.3525 20.6128 171.4
-106.313 -31.7344 -119.052 85.6997
-171.4 20.6128 -33.3525 -53.9656
168.049 -38.1552 -42.1236 -48.5445
142.016 6.42102 38.1554 -110.281
129.894 -68.1574 -106.313 31.7344
61.7366 48.5446 103.86 -129.894
72.1257 42.1237 99.8917 129.894
65.0868 -52.3472 -85.6999 139.665
52.3472 65.0869 139.665 85.6999
42.1236 -72.1258 -129.894 99.8918
-42.1236 72.1258 129.894 -99.8918
-52.3472 -65.0869 -139.665 -85.6999
-65.0868 52.3472 85.6999 -139.665
-72.1257 -42.1237 -99.8917 -129.894
-61.7366 -48.5446 -103.86 129.894
-129.894 68.1574 106.313 -31.7344
-168.049 38.1552 42.1236 48.5445
-142.016 -6.42102 -38.1554 110.281
171.4 -20.6128 33.3525 53.9656
119.052 -85.6997 -106.313 -31.7343
106.313 31.7344 119.052 -85.6997
53.9656 -33.3525 -20.6128 -171.4
-53.9656 52.9654 119.052 118.052
-138.665 -52.3474 -106.931 -20.6131
172.018 -19.6128 61.7366 -6.42078
99.892 -61.7365 -38.1552 -136.315
-139.665 20.6129 52.9653 105.313
-172.018 -19.613 -33.3525 52.3472
110.281 -68.1574 -42.1237 123.473
42.1236 48.5446 168.049 -38.1552
38.1554 -110.281 -142.015 -6.42099
-30.0021 6.42088 68.1576 -168.049
138.665 -85.6997 -52.9654 66.705
33.3526 -1.00006 85.6999 -159.278
-57.7683 -30.0022 0 172.018
-99.8919 42.1236 129.894 72.1259
-129.894 -72.1259 -99.8919 42.1235
-172.018 0 30.0022 -57.7683
31.7342 0 86.3178 159.278
-33.3525 52.3473 172.018 19.613
-52.9653 -105.313 -139.665 20.6129
-118.052 -52.9655 -53.9654 -119.052
105.313 -52.9653 20.6129 139.665
52.9655 -118.052 -119.052 53.9654
0 31.7343 159.278 -86.3178
-52.3472 -33.3525 19.613 -172.018
136.315 -38.1552 61.7365 99.892
110.281 6.42103 142.015 38.1554
19.6131 -106.313 -99.8917 -110.281
-6.42078 -61.7366 -19.6128 -172.018
48.5445 -42.1236 38.1552 168.049
6.42085 30.0022 168.049 68.1576
-68.1574 -110.281 -123.473 -42.1237
-110.281 -38.1554 6.42102 -142.016
-106.931 -52.3474 -20.6131 138.665
-172.018 0 65.0868 -1.00012
-31.7344 0 103.86 148.436
-148.436 -68.1576 -57.7682 -61.7367
159.278 -86.3177 0 -31.7342
119.052 -53.9654 52.9655 -118.052
-1.00011 -65.0868 0 172.018
-33.3525 -105.313 -86.3179 119.052
-106.313 19.6128 138.665 -53.9654
-138.665 -20.6131 52.3474 -106.931
105.313 -33.3524 119.052 86.318
65.0868 -1. 172.018 0
20.6131 -138.665 -106.931 -52.3473
-19.6127 -106.313 -53.9653 -138.665
106.313 -31.7343 129.894 -68.1573
148.436 -103.86 0 31.7345
103.86 -129.894 -61.7365 -48.5445
61.7367 -57.7682 68.1576 -148.436
138.665 -53.9653 106.313 -19.6127
86.318 -119.052 -33.3524 -105.313
6.42094 -110.281 -38.1554 142.015
-38.1552 -136.315 -99.8919 61.7365
-61.7366 6.42089 172.018 -19.6128
-106.313 -19.613 110.281 -99.8918
-123.473 -42.1237 68.1574 110.281
-168.049 -68.1576 6.4209 30.0021
129.894 -99.8917 42.1237 -72.1257
68.1576 -148.436 -61.7366 57.7682
0 -31.7344 148.436 -103.86
-66.705 -52.9654 85.6997 138.665
-106.931 -20.613 138.665 52.3473
-119.052 -118.052 -53.9655 52.9653
-159.278 -85.6999 -1.00005 -33.3526
-99.8918 -110.281 -19.613 106.313
-142.015 -38.1554 110.281 6.42093
-1.0001 -33.3525 159.278 85.6999
-85.6997 -138.665 -66.7049 -52.9655
52.3474 -138.665 -20.613 106.931
-52.9653 -53.9655 118.052 -119.052
48.5445 -61.7365 129.894 103.86
-68.1573 -129.894 -31.7343 -106.313
118.052 -119.052 52.9654 53.9656
85.6999 -159.278 -33.3525 1.00012
52.9655 -66.7049 138.665 -85.6997
20.6131 -106.931 52.3474 -138.665
-139.665 -85.6999 52.3473 65.0868
110.281 -99.8917 106.313 19.6131
38.1555 -142.015 6.42102 -110.281
72.1259 -129.894 42.1236 99.8919
0 -172.018 -57.7682 -30.0022
30.0022 -57.7682 172.018 0
-42.1235 -99.8919 72.1259 -129.894
31.7343 -106.313 85.6997 119.052
-20.6129 -171.4 -53.9655 33.3525
-33.3524 -53.9655 171.4 -20.6129
-85.6996 -119.052 31.7344 -106.313
-103.86 -148.436 -31.7343 0
-31.7344 -106.313 68.1574 129.894
-57.7682 -61.7366 148.436 68.1576
-129.894 -103.86 48.5446 -61.7366
-53.9654 -138.665 19.6128 106.313
-119.052 -86.318 105.313 -33.3525
85.6999 -139.665 65.0869 -52.3472
52.3474 -106.931 138.665 20.6131
0 -172.018 -1. -65.0868
68.1576 -168.049 30.0022 -6.42084
42.1238 -123.473 110.281 -68.1574
-19.6128 -172.018 6.4209 61.7366
-61.7365 -99.8919 136.315 -38.1552
-99.8918 -129.894 72.1258 42.1237
-86.3177 -159.278 31.7344 0
-53.9654 -119.052 118.052 52.9655
19.613 -172.018 52.3473 33.3526
-20.6128 -139.665 105.313 -52.9653
6.42101 -142.015 110.281 38.1554
-38.1551 -168.049 48.5446 -42.1236