4OFF
# Vertices for 3{10}2 , 4D real representation
360

# Vertices.  Each line is the XYZW coordinates of one vertex.
2.398460176577711 3.784636221937046 1.099013528141209 3.016365456824717
2.8010519087255 3.743347375783219 2.815297453972938 0.7732611005898714
3.25492378331834 3.959808259507311 -0.02180640982006066 2.02664452936546
1.529774131072275 4.74623783165112 2.310126156893115 0.4227393378120814
0.7921255731639762 4.405280582895504 1.273909748415164 2.953907221018648
4.03856247874346 3.239738082627601 1.881890991009181 0.1870037817966791
1.387708671178879 3.288867719864834 2.323788321756854 3.498570487502337
3.792634567052978 2.432721920334917 2.889801606730516 1.31499339467711
2.642091997816984 4.76981933749517 -0.4278652500633766 0.6837240274457016
1.55768309368669 5.242006334064014 0.6858910939235963 0.0831879543051722
3.685427752011726 2.737187301457404 0.603126048136068 2.990658921825049
1.290076539310131 3.815444486526476 3.623397890619019 1.015602025600457
0.02212249521264931 4.980542507002996 -0.03936206040598511 2.361044560047986
3.913374335161731 3.595269504038131 0.876466672765383 -1.1720573931989
3.650923343630916 3.765595667089675 -1.357193571940295 1.015602025598622
0.1681807154617367 5.246852209452245 1.659707722836512 -0.2645775293926791
3.217926843037393 1.457370110720098 3.395792267296724 2.524279684543034
1.856333427426846 1.957984488521226 3.3278866854286 3.46812153954627
4.849641980561507 2.547820583680057 0.5743568966855081 -0.2051120283435567
-0.7962203239733883 4.697108196139027 1.4606237832709 2.356302147091595
1.583069719772621 5.169909223835708 -0.933856032136271 -0.5255622190282728
4.677010410339204 1.426561846009102 0.3176174593575145 2.524279684541892
-0.3174447879908842 3.509042702034909 3.980890072283762 1.456274771276138
3.683507592426829 1.237195128979699 0.898572519874797 3.804741950655589
0.892156819412662 2.5096649064664 4.671718672289518 1.209568835989838
0.6628632433284207 4.666299931428042 -1.61755102466831 2.356302147090453
2.675863765143778 4.098878797193742 1.227360283540643 -2.21695879661371
0.2298667427349039 2.358074375058447 3.13543481456871 3.864979806034885
4.364016477108887 0.810011076262724 2.895539246132753 1.515740272325254
1.599130888728199 3.618851011069961 -1.919660800748185 3.323247511945799
1.857520945957738 3.815444486329779 2.727346127217538 -2.221701209570107
1.353202977037717 2.81183484877727 -0.911750185026846 4.451237124826235
5.2444548169868 1.426561845812409 0.004078548144521799 0.918135171579334
-1.438147795976447 4.08430462626398 2.861395967387855 1.856064010160479
2.453104043972634 2.699031623299114 3.777224700559221 -1.677037943086421
-0.5746473266895369 5.169909224583649 -1.266657413893032 1.311400743675642
3.316604513259552 3.784636221618767 -0.3508286807216728 -2.221701209571227
1.113505385275576 1.88104150365262 0.4015215486990592 5.04409981261461
2.883608012666027 1.4764106652492 4.402157158515362 -0.7130235506268177
2.590713547055676 2.308225555621662 -1.845156647990614 3.864979806033027
0.846769440558908 3.319675984257572 3.952120920833189 -1.739496178892477
2.323106992679116 0.881663708084109 1.092350148704807 4.797393877328316
1.890105194753657 1.287043948219793 4.98311221903265 0.5674387154868842
-0.1577723923776502 2.883931959520526 -0.103649748380757 4.693578049836814
3.740071619406644 1.65158270281947 3.281337220554078 -1.702744478086089
4.106813938410238 2.470877598811468 -2.352008240044035 1.370866244724767
-1.130539154344751 4.716148750668133 2.466988674489525 -0.881001088078255
2.223237301237722 0.3409572482406757 3.799330547668652 3.299761400768079
1.47394274514648 3.974382432480494 -2.925085118991984 1.964186336950228
3.878868641020584 3.118236632950572 -2.359071834018324 -0.2193907558749968
-1.317408027867677 5.246852209967194 0.84806103342271 -0.6309867777155276
1.087517868006409 4.390706410437279 1.414074318396375 -2.814563870540765
3.736803181127172 1.660866521164294 -2.345409669154594 2.856440393815244
-0.7796972441330388 3.719765870794798 3.759669049973297 -1.342637912403873
5.244454816986803 1.426561845812406 -0.5784343040439593 -0.7130235506286597
-2.403741651274411 4.390706411647465 1.458103223399508 1.788863361396878
4.976848262610249 -0.000000001725135811980749 2.35907249265147 0.2193905206666138
-1.36040589707966 2.358074375609685 2.489094521598963 4.095798255776242
1.230307649976038 4.666299931231333 -2.513602788069803 -0.881001088080087
0.5895669018602526 4.980542506806295 -1.295426565343609 -1.884370206492962
-1.547274770602603 2.888777834908752 0.87016688053216 4.345812566138957
4.74890296522058 0.6473590324139727 2.352008898677187 -1.370866479933158
3.321055368020108 -0.3409572501624934 1.403743695447949 4.155263756825364
0.5297045950059509 0.931512527324214 5.176889847862664 1.560090642159602
3.482869080708002 3.312449225368203 -1.966210265622689 -1.84761850568655
-1.518178289457286 5.242006335130209 -0.7720958884599572 -0.05240284427631313
5.171021792673104 0.02358150443718698 -0.2980313030306041 1.885080563252394
-1.951174790050816 2.933780778760628 3.980889950777072 1.456274814668106
4.606837505327175 -0.810011079372296 2.365671063540911 1.70496466975709
0.7155856653781003 0.575261923592547 1.449842330369546 5.238066623003993
-1.009563986867948 1.361691495736347 3.781774897082734 3.634161431450626
2.881687853081133 -0.0235815072285063 4.697603630254092 0.1010594782037239
-1.519365807988188 3.384546337321652 -0.7540681824373612 4.00626118263205
4.136071179719223 1.457370110401831 1.945950058433839 -2.713786981852933
1.473942745146482 3.974382432480493 -3.507597971180461 0.3330276147422253
0.1219240127084451 4.697108195820767 0.01078157440801086 -2.88176451930436
3.162095457111581 0.6855147115494726 -1.83941900858838 4.065726683681159
-0.311072487885069 2.388882639451184 4.763767413645053 -1.37308686035993
-1.351913722008841 4.76981933887964 -2.387477473360963 0.3216798596083693
2.539338117940233 3.384546335914757 -1.471648740189622 -3.211422093638522
4.349634966628527 0.850855443176431 -2.881876422635878 1.560090642156605
-2.369969883947601 3.719765871346038 3.11332875700355 -1.11181946266251
3.91663846603501 -1.457370113193149 1.871109416601144 3.068768301101041
-0.6818171719824897 0.4308981504150133 4.781507719595632 2.620879606276448
1.868755581571767 2.853123694612842 -4.077876319721445 1.456274814665121
-0.5200034592946025 4.084304625945716 1.411553758524982 -3.382002656235474
1.168152526601688 -0.881663709294288 3.612616316210997 3.897366544904822
2.211485006865249 -1.237195131023076 4.110724019316528 2.657631307082833
-1.493979181902251 3.312449227093349 -2.373815308497233 3.397511009298622
-2.578388086032533 3.784636223662189 -1.260058964510246 2.796974936158102
4.802198553920923 1.071030424598566 -0.891973290352206 -2.319168036773503
-3.219128834148305 4.098878799237147 -0.04188274178406615 1.793605817745246
4.161457805805155 1.38527300017352 0.3262029323739761 -3.322537155186344
3.077048901674883 1.857459996742362 1.439959276360949 -3.923073228326868
-2.845994640409092 2.358074376124641 1.677447832185182 3.729389007453384
5.204793559999906 -0.6473590358642415 1.357194230573443 -1.015602260807
3.508857883737519 2.308225555303397 -3.294998856853483 -1.373086860362914
-2.528929794856117 4.746237833057997 -0.1298339470327885 -1.201356535806687
0.2025586713037328 -0.5752619239108041 2.569336313758764 4.838277427511619
2.808254828767436 -1.426561848603729 4.395493779078973 1.068004869876778
5.045833649091385 0.3791129258477179 -1.885968473462888 -1.105139333951182
-3.686771723300109 3.815444488251611 1.264325397967567 0.7962115049338419
4.572331811186022 -1.287043950459871 -0.86986744324279 2.657631307080984
2.16740591531192 -0.4308981509299596 -1.435880728216458 4.841208399906208
3.528999330922458 -0.931512528731083 -1.36797514634833 3.897366544902964
-1.305762029684729 1.27246977697176 5.167305694016987 -0.597605144134886
-2.349094509948294 1.628001198700549 4.669197990911455 0.642130093687098
0.05583138592580927 0.7718553991706347 5.235211275885108 -1.541446999138129
1.03168648208061 3.618851011266649 -3.821136957488726 -1.273116871402609
-0.6934631701654403 4.405280583410448 -1.48920439077555 -2.87702206295598
-0.4851478360883185 2.308225556687851 -3.303143630374147 3.729389007451535
1.687546523449926 1.862305872130595 2.413775905273867 -4.270838712024722
-0.918144336681833 0.0000000003182581975735843 1.449842208862875 5.238066666395967
3.375699235415033 -1.426561848800424 4.081954867865976 -0.5381396430857755
2.705116699046572 -1.957984490102358 1.475727288334128 4.129557265217882
-0.0862340739675889 -0.6855147126156527 5.248873440748828 1.534384150552122
5.169101633088206 -1.476410668040519 -0.5850976834803578 1.068004869874931
-3.314688365246253 1.934402984084036 3.62591798845922 1.583040976293889
-1.097979621589667 3.118236634675714 -3.709202470617467 2.386468505531779
1.715455486064355 2.358074374543485 0.7895408423043522 -4.610390095531614
-0.05464386739491705 1.085604598637935 -2.678211172418019 4.69340339991113
1.447848931687782 0.931512527005955 3.727047638999778 -3.677976024236356
0.5409392306199758 -0.0308082643927336 -1.628332599076334 5.238066666394809
1.201921019997305 0.1244963647132656 4.734958254721126 -2.549986411355917
1.795322557258065 1.450143353237617 -4.379986170896577 2.423220206338171
-1.033030453368972 2.933780778442364 2.531047741914204 -3.781791851727845
-1.325924918979325 3.765595668814828 -3.716266064591748 0.7962115049320044
1.52858661254141 2.888777833842555 -0.829386798762455 -4.360375785168902
0.801819739345688 1.260776636208207 -3.799031110379296 3.703682472451871
4.693071579294783 -0.1244963667566528 -2.883202377207936 0.1705805192049743
-3.714680685914525 3.319675985838715 2.306047608748607 -0.4953958337672523
0.1765711540345631 1.934402982873857 3.221876341919963 -4.02849778701415
4.26007507870125 -2.432721923126226 1.86978346202909 1.679258178149395
-2.026527973949405 0.0308082649076924 3.974226571340698 3.237303235171701
-1.065395372793758 0.5898360965657286 -1.453436378802371 5.175608430588749
5.230782363029424 -1.651582705929051 0.02840563934264884 -0.5410706154833664
-3.856746145807923 1.86230587405243 2.319709773612338 2.580435315922993
2.439431590015255 -0.3791129284423456 3.801551791757358 -3.136243730149127
2.362766963905673 1.450143353040925 -4.693525082109574 0.817075693375616
-2.153733461354538 3.509042702671432 1.411553637018315 -3.3820026128435
-3.571890903944896 3.595269506632779 -1.621629497717583 1.438166948693421
3.808695736008557 0.881663707569155 -1.253543823559553 -3.67797602423819
-1.883738191979798 0.3064017857017541 0.04654946487451461 5.170866017632351
3.37569923541503 -1.426561848800421 3.499442015677492 -2.169298365293778
-1.7219244792919 3.959808261232462 -3.323404496196123 -0.83201624487955
1.327816350951808 2.88393195900557 -2.449543720645115 -3.781791851729686
1.009563986867937 -1.361691495736339 -0.6242342354045989 5.207617718438753
0.6272132959817123 -0.850855444901541 5.240948915287345 -1.340700121489995
2.959536785807862 1.260776635460278 -4.408755322347139 -0.7725507438304379
-3.119327316652496 3.81544448805492 0.3682736345660762 -2.441091730236705
4.002872540002611 -0.7718554005775021 -3.377764024147702 1.534384150548916
-3.386933871029064 2.388882640517376 3.305780431261517 -1.50867765894143
2.209564847280356 -2.737187303500782 3.823657638866786 1.840555613705384
-0.1953610485937396 -1.881041503970877 3.257644353893125 4.024132706530601
-4.057516407397526 1.857459999215446 0.6995528517296609 3.159019249362207
4.83478280271683 -1.457370113511419 0.4212672077382633 -2.169298365294923
1.793402397673173 -0.04984881924009521 -4.084539699157849 3.237303235168711
-1.430950173266454 1.628001198382296 3.579368523584702 -3.587825041338474
1.360405897079647 -2.35807437560968 0.6684461400791717 4.745980894113132
0.2572025386986534 -1.660866522548718 5.247547486176794 0.1448740276004861
-1.66024374935068 3.784636223343927 -2.709901173373131 -2.441091730237836
0.7857585703901339 2.811834848973963 -3.755751935491992 -2.784397512100577
3.517247036549975 -2.509664907994826 -1.056581674700456 3.255236451217727
-2.36084680432077 0.04984881943679631 4.980591462559332 0.000000000001857874964983353
-2.52566566398285 -0.3064017841733033 1.447321648991488 4.670627880701241
3.770512071840324 -2.547820586668074 2.92916366713651 -1.046051165370883
-2.653741269931123 0.881663709809256 -1.266722343946642 4.578003356661699
3.250511091833312 -1.071030427389893 2.494017697433676 -3.528359540289345
-0.870034324200006 2.470877600536611 -4.711080732695497 1.151475724058165
3.02121751574908 1.085604597571743 -3.795251999524139 -2.381626229188729
-3.661385097214168 3.743347378023307 -0.937934580280797 -1.443697390607587
0.2298667427349197 2.358074375058445 -0.02210584710943328 -4.976799343854476
4.447143667604301 -0.931512529049338 -2.817817355211196 -1.340700121492984
-4.681461265099774 2.699031625772188 1.08535082615102 -0.05946550104911807
-2.993308553134654 -0.589836095158838 2.753529788743108 3.673233567889846
4.014147167010777 -3.239738085418924 1.93516848402583 0.1679775374514332
0.4329965005935246 2.308225556369591 -4.752985839237032 -1.508677658944412
-1.688152711965106 3.288867720931028 -1.668178962592099 -3.732699068938939
-3.891251839949078 1.385273002964869 -0.915828733171354 3.533101953246902
2.791350773014165 -1.272469777486704 -3.773146152414717 2.595173114665754
-2.791350773014165 1.272469777486712 3.77314615241472 -2.595173114665748
3.891251839949082 -1.385273002964861 0.915828733171346 -3.533101953246887
1.688152711965117 -3.288867720931017 1.668178962592081 3.732699068938952
-0.4329965005935092 -2.308225556369576 4.752985839237023 1.508677658944428
-4.014147167010766 3.23973808541894 -1.935168484025833 -0.1679775374514207
2.993308553134666 0.5898360951588442 -2.753529788743093 -3.673233567889825
4.681461265099772 -2.69903162577217 -1.085350826151015 0.05946550104912696
-4.447143667604299 0.931512529049349 2.817817355211191 1.340700121492991
3.661385097214173 -3.743347378023286 0.937934580280788 1.44369739060759
-0.2298667427349018 -2.358074375058444 0.02210584710942562 4.97679934385449
-3.021217515749065 -1.085604597571731 3.795251999524152 2.38162622918874
0.87003432420001 -2.470877600536578 4.7110807326955 -1.151475724058155
-3.250511091833306 1.071030427389907 -2.494017697433681 3.528359540289361
2.653741269931129 -0.881663709809246 1.266722343946636 -4.578003356661691
-3.770512071840319 2.54782058666809 -2.929163667136502 1.046051165370897
2.525665663982855 0.3064017841733069 -1.447321648991493 -4.670627880701228
2.360846804320775 -0.04984881943678099 -4.980591462559321 -0.00000000000184741111297626
-3.517247036549971 2.509664907994848 1.05658167470044 -3.255236451217717
1.660243749350701 -3.784636223343909 2.709901173373125 2.441091730237862
-0.7857585703901128 -2.811834848973954 3.75575193549198 2.78439751210059
-0.2572025386986472 1.66086652254875 -5.247547486176782 -0.1448740276004718
-1.360405897079647 2.35807437560969 -0.6684461400791876 -4.74598089411313
1.430950173266458 -1.628001198382284 -3.579368523584707 3.58782504133847
-1.793402397673168 0.04984881924010409 4.084539699157852 -3.237303235168701
-4.834782802716841 1.457370113511427 -0.4212672077382829 2.169298365294926
4.057516407397524 -1.857459999215435 -0.699552851729679 -3.159019249362203
-2.209564847280342 2.737187303500806 -3.823657638866786 -1.840555613705354
0.1953610485937567 1.881041503970885 -3.257644353893126 -4.024132706530584
3.386933871029062 -2.388882640517365 -3.305780431261515 1.508677658941431
-4.002872540002602 0.7718554005775133 3.377764024147706 -1.534384150548912
3.119327316652506 -3.815444488054901 -0.3682736345660924 2.441091730236705
-2.959536785807847 -1.260776635460263 4.408755322347158 0.7725507438304444
-0.6272132959817156 0.850855444901576 -5.240948915287333 1.340700121490003
-1.009563986867937 1.361691495736355 0.6242342354045873 -5.207617718438745
1.721924479291918 -3.959808261232436 3.32340449619613 0.832016244879563
-1.327816350951783 -2.883931959005569 2.449543720645117 3.781791851729701
-3.375699235415026 1.426561848800436 -3.499442015677489 2.169298365293784
1.883738191979797 -0.3064017857017456 -0.04654946487452227 -5.170866017632355
-3.808695736008552 -0.881663707569155 1.253543823559549 3.677976024238213
3.571890903944898 -3.59526950663276 1.62162949771757 -1.438166948693407
2.153733461354539 -3.509042702671412 -1.411553637018335 3.382002612843505
-2.362766963905659 -1.450143353040904 4.693525082109582 -0.817075693375603
-2.439431590015263 0.3791129284423591 -3.801551791757352 3.136243730149126
3.856746145807929 -1.862305874052422 -2.319709773612338 -2.580435315922993
-5.23078236302942 1.651582705929066 -0.02840563934265328 0.5410706154833706
1.065395372793759 -0.589836096565713 1.453436378802368 -5.17560843058875
2.026527973949414 -0.03080826490768063 -3.974226571340687 -3.237303235171692
-4.260075078701254 2.432721923126246 -1.869783462029098 -1.679258178149385
3.714680685914527 -3.319675985838699 -2.306047608748614 0.4953958337672592
-0.1765711540345596 -1.934402982873856 -3.221876341919977 4.028497787014149
-0.8018197393457 -1.260776636208186 3.799031110379301 -3.703682472451872
-4.693071579294781 0.124496366756659 2.883202377207947 -0.1705805192049727
-1.528586612541387 -2.888777833842557 0.829386798762449 4.360375785168915
1.325924918979331 -3.765595668814798 3.716266064591768 -0.7962115049319993
1.033030453368982 -2.93378077844236 -2.531047741914227 3.781791851727848
-1.795322557258058 -1.450143353237594 4.379986170896579 -2.423220206338163
-1.201921019997304 -0.1244963647132498 -4.734958254721123 2.549986411355923
-0.5409392306199705 0.03080826439274253 1.628332599076338 -5.23806666639481
-1.447848931687787 -0.931512527005942 -3.727047638999779 3.677976024236356
0.05464386739492705 -1.085604598637922 2.678211172418022 -4.693403399911126
-1.715455486064336 -2.358074374543492 -0.7895408423043587 4.610390095531632
1.097979621589679 -3.118236634675701 3.70920247061747 -2.386468505531763
3.314688365246259 -1.93440298408403 -3.625917988459214 -1.583040976293883
-5.169101633088215 1.47641066804053 0.5850976834803632 -1.068004869874926
0.0862340739675949 0.6855147126156646 -5.248873440748843 -1.534384150552107
-2.705116699046568 1.957984490102374 -1.475727288334133 -4.129557265217871
-3.375699235415034 1.426561848800434 -4.081954867865971 0.5381396430857881
0.918144336681847 -0.0000000003182532015699735 -1.449842208862878 -5.238066666395941
-1.687546523449921 -1.862305872130594 -2.413775905273883 4.270838712024725
0.4851478360883109 -2.308225556687827 3.303143630374153 -3.72938900745153
0.693463170165455 -4.405280583410438 1.48920439077553 2.877022062955984
-1.031686482080588 -3.618851011266637 3.821136957488729 1.273116871402626
1.30576202968474 -1.272469776971741 -5.16730569401698 0.5976051441348966
-0.05583138592580283 -0.7718553991706171 -5.235211275885106 1.541446999138139
2.349094509948293 -1.628001198700537 -4.669197990911448 -0.6421300936870882
-4.57233181118602 1.287043950459886 0.869867443242796 -2.65763130708098
-3.528999330922457 0.931512528731093 1.367975146348328 -3.89736654490296
-2.167405915311914 0.4308981509299685 1.43588072821645 -4.8412083999062
3.686771723300105 -3.81544448825159 -1.264325397967569 -0.7962115049338396
-5.04583364909138 -0.3791129258477115 1.885968473462899 1.105139333951182
-2.808254828767429 1.426561848603742 -4.395493779078964 -1.068004869876767
-0.2025586713037212 0.5752619239108123 -2.56933631375877 -4.838277427511598
2.528929794856135 -4.746237833057982 0.1298339470327632 1.201356535806707
-3.508857883737504 -2.308225555303388 3.294998856853501 1.373086860362923
-5.204793559999902 0.6473590358642516 -1.35719423057344 1.015602260807008
2.84599464040909 -2.358074376124633 -1.67744783218518 -3.729389007453373
-3.077048901674877 -1.857459996742368 -1.439959276360972 3.923073228326875
3.219128834148301 -4.098878799237131 0.04188274178404838 -1.793605817745244
-4.161457805805164 -1.385273000173526 -0.3262029323739726 3.32253715518636
-4.802198553920934 -1.071030424598562 0.89197329035223 2.319168036773506
2.578388086032527 -3.784636223662163 1.260058964510252 -2.7969749361581
1.49397918190225 -3.312449227093328 2.373815308497238 -3.397511009298611
-1.168152526601675 0.881663709294305 -3.612616316211005 -3.897366544904803
-2.211485006865238 1.237195131023097 -4.110724019316541 -2.657631307082824
0.520003459294611 -4.084304625945702 -1.411553758525007 3.382002656235464
-1.868755581571762 -2.853123694612817 4.077876319721465 -1.456274814665115
0.6818171719824971 -0.430898150415003 -4.781507719595647 -2.620879606276433
-3.916638466035013 1.457370113193169 -1.871109416601144 -3.06876830110103
2.369969883947599 -3.719765871346014 -3.113328757003549 1.111819462662506
-4.349634966628532 -0.850855443176416 2.881876422635897 -1.56009064215661
1.351913722008853 -4.769819338879609 2.387477473360974 -0.3216798596083664
-2.539338117940219 -3.384546335914768 1.471648740189618 3.211422093638535
0.3110724878850735 -2.388882639451167 -4.763767413645049 1.373086860359935
-3.162095457111589 -0.685514711549444 1.839419008588385 -4.06572668368116
-1.473942745146466 -3.97438243248047 3.507597971180479 -0.3330276147422221
-0.1219240127084424 -4.697108195820761 -0.01078157440803307 2.881764519304348
-4.136071179719226 -1.457370110401834 -1.945950058433858 2.713786981852921
1.519365807988189 -3.384546337321635 0.7540681824373642 -4.006261182632048
-2.881687853081135 0.02358150722851882 -4.697603630254089 -0.1010594782037155
1.009563986867954 -1.361691495736338 -3.781774897082734 -3.634161431450613
-0.715585665378093 -0.5752619235925327 -1.449842330369555 -5.238066623003977
-4.60683750532718 0.810011079372314 -2.365671063540911 -1.70496466975708
1.951174790050818 -2.933780778760605 -3.980889950777093 -1.456274814668099
-5.171021792673104 -0.02358150443717011 0.2980313030306112 -1.885080563252382
1.518178289457303 -5.242006335130192 0.7720958884599318 0.05240284427632238
-3.482869080707987 -3.312449225368201 1.966210265622712 1.847618505686551
-0.5297045950059498 -0.931512527324192 -5.17688984786265 -1.560090642159598
-3.321055368020113 0.3409572501625067 -1.40374369544794 -4.155263756825348
-4.748902965220583 -0.6473590324139741 -2.352008898677176 1.370866479933168
1.547274770602602 -2.888777834908741 -0.870166880532159 -4.345812566138956
-1.230307649976014 -4.666299931231324 2.513602788069798 0.881001088080095
-0.5895669018602455 -4.980542506806297 1.295426565343596 1.884370206492948
1.36040589707966 -2.35807437560968 -2.489094521598965 -4.095798255776234
-4.976848262610249 0.000000001725136922203774 -2.359072492651462 -0.2193905206666068
2.403741651274406 -4.390706411647451 -1.458103223399513 -1.78886336139688
-5.244454816986808 -1.426561845812399 0.5784343040439774 0.7130235506286563
0.7796972441330365 -3.719765870794778 -3.759669049973307 1.342637912403863
-3.736803181127176 -1.660866521164265 2.345409669154604 -2.856440393815241
1.317408027867697 -5.246852209967177 -0.848061033422733 0.6309867777155269
-3.878868641020567 -3.118236632950562 2.359071834018343 0.2193907558750051
-1.473942745146469 -3.974382432480469 2.925085118991995 -1.964186336950224
-1.087517868006403 -4.390706410437276 -1.414074318396393 2.814563870540749
-2.223237301237718 -0.3409572482406562 -3.799330547668658 -3.299761400768067
1.130539154344746 -4.716148750668113 -2.466988674489526 0.881001088078241
-4.106813938410228 -2.470877598811444 2.352008240044055 -1.370866244724768
-3.740071619406649 -1.651582702819471 -3.281337220554088 1.702744478086084
0.1577723923776473 -2.883931959520511 0.1036497483807572 -4.693578049836812
-1.890105194753666 -1.287043948219776 -4.983112219032643 -0.5674387154868855
-2.323106992679117 -0.881663708084096 -1.092350148704813 -4.797393877328305
-0.846769440558917 -3.319675984257557 -3.952120920833199 1.739496178892473
-2.590713547055676 -2.308225555621632 1.845156647990622 -3.864979806033025
-2.883608012666032 -1.476410665249194 -4.402157158515357 0.7130235506268194
-1.113505385275572 -1.881041503652603 -0.401521548699061 -5.044099812614601
-3.316604513259548 -3.784636221618781 0.350828680721678 2.221701209571233
0.5746473266895413 -5.169909224583635 1.266657413893027 -1.311400743675657
1.438147795976447 -4.084304626263957 -2.861395967387873 -1.856064010160479
-2.453104043972641 -2.699031623299112 -3.777224700559227 1.677037943086415
-1.353202977037713 -2.811834848777246 0.911750185026843 -4.451237124826231
-5.244454816986809 -1.426561845812394 -0.004078548144509808 -0.918135171579332
-1.857520945957736 -3.815444486329776 -2.727346127217552 2.22170120957009
-1.59913088872819 -3.618851011069937 1.919660800748193 -3.323247511945793
-0.2298667427348975 -2.358074375058426 -3.135434814568705 -3.864979806034875
-4.36401647710889 -0.810011076262722 -2.895539246132748 -1.515740272325243
-0.6628632433284231 -4.66629993142801 1.617551024668325 -2.356302147090458
-2.675863765143773 -4.098878797193747 -1.227360283540662 2.216958796613691
-0.892156819412667 -2.509664906466384 -4.671718672289501 -1.209568835989842
-3.68350759242682 -1.237195128979673 -0.898572519874789 -3.804741950655586
0.3174447879908793 -3.509042702034895 -3.980890072283768 -1.456274771276133
-4.677010410339202 -1.426561846009085 -0.3176174593574981 -2.524279684541888
-1.58306971977262 -5.169909223835702 0.933856032136276 0.5255622190282494
0.7962203239733883 -4.697108196139006 -1.460623783270905 -2.356302147091598
-4.849641980561514 -2.547820583680054 -0.5743568966854948 0.2051120283435455
-1.85633342742685 -1.957984488521199 -3.327886685428596 -3.468121539546275
-3.217926843037393 -1.457370110720086 -3.395792267296722 -2.524279684543028
-0.1681807154617365 -5.246852209452226 -1.659707722836516 0.2645775293926624
-3.650923343630902 -3.765595667089667 1.357193571940315 -1.015602025598612
-0.02212249521264842 -4.980542507002975 0.03936206040598833 -2.361044560047997
-3.91337433516173 -3.595269504038133 -0.876466672765375 1.172057393198892
-1.290076539310138 -3.815444486526454 -3.623397890619019 -1.015602025600464
-3.685427752011716 -2.737187301457386 -0.6031260481360501 -2.990658921825046
-1.557683093686693 -5.242006334063998 -0.6858910939235933 -0.0831879543051945
-2.642091997816967 -4.769819337495165 0.427865250063396 -0.6837240274457004
-1.387708671178877 -3.288867719864812 -2.323788321756842 -3.498570487502334
-3.792634567052983 -2.432721920334901 -2.889801606730513 -1.314993394677108
-0.79212557316399 -4.405280582895475 -1.273909748415167 -2.95390722101866
-4.038562478743467 -3.239738082627593 -1.881890991009167 -0.1870037817966771
-1.529774131072281 -4.746237831651103 -2.31012615689311 -0.4227393378120956
-3.254923783318326 -3.959808259507298 0.0218064098200752 -2.026644529365458
-2.801051908725505 -3.743347375783202 -2.815297453972933 -0.773261100589886
-2.398460176577713 -3.784636221937024 -1.099013528141198 -3.016365456824721