4OFF
# Vertices for 6{4}2 , 4D real representation
36

# Vertices.  Each line is the XYZW coordinates of one vertex.
0.4999999841822556 -0.866025472090976 0.922081758705125 0.3869949970873225
-0.5000000158177446 -0.866025473464912 0.92208173922268 0.3869949995597027
0.999999982992392 -0.0000000676195708870786 0.922081836890925 0.3869949871653038
0.4999999841822565 -0.866025472090976 0.7961883421644132 -0.6050487759749899
0.5000000011898649 -0.866025403097468 0.1258933578373573 0.992043780511949
0.499999981802527 0.866025335477898 0.92208189559428 0.3869949797156656
-1.000000017007609 -0.00000007036744298360986 0.922081797926035 0.3869949921100639
1. 0.000000001373935964998907 0.1258934360231572 0.992043770589931
-0.4999999988101351 -0.866025404471405 0.1258933383549121 0.99204378298433
0.999999982992392 -0.00000006761957138667896 0.7961884203502132 -0.6050487858970076
-0.5000000158177437 -0.866025473464911 0.7961883226819682 -0.6050487735026095
-0.5000000181974741 0.866025334103962 0.922081876111835 0.3869949821880459
0.4999999988101338 0.866025404471405 0.1258934947265131 0.992043763140293
-1.000000000000001 -0.000000001373936964199629 0.1258933970582674 0.992043775534692
0.4999999818025278 0.866025335477898 0.7961884790535684 -0.6050487933466454
-1.000000017007608 -0.0000000703674425950318 0.7961883813853231 -0.6050487809522471
-0.5000000011898662 0.866025403097468 0.1258934752440677 0.992043765612674
-0.5000000181974733 0.866025334103962 0.7961884595711232 -0.6050487908742656
0.5000000181974724 -0.866025334103961 -0.7961884595711224 0.6050487908742649
0.5000000011898653 -0.866025403097469 -0.1258934752440671 -0.992043765612674
1.000000017007608 0.00000007036744328892119 -0.7961883813853222 0.605048780952248
1.000000000000001 0.000000001373935631932 -0.1258933970582662 -0.992043775534692
-0.4999999818025269 -0.866025335477897 -0.7961884790535674 0.6050487933466455
-0.4999999988101352 -0.866025404471404 -0.125893494726512 -0.992043763140293
0.5000000181974727 -0.866025334103962 -0.922081876111835 -0.3869949821880461
0.5000000158177423 0.866025473464911 -0.7961883226819663 0.6050487735026103
-0.999999982992392 0.00000006761957027645593 -0.7961884203502119 0.6050487858970085
0.4999999988101358 0.866025404471404 -0.1258933383549113 -0.992043782984329
-0.999999999999999 -0.000000001373935548665273 -0.1258934360231567 -0.99204377058993
1.000000017007608 0.00000007036744331667677 -0.922081797926034 -0.386994992110063
-0.4999999818025268 -0.866025335477897 -0.92208189559428 -0.3869949797156654
-0.4999999841822563 0.866025472090975 -0.7961883421644115 0.6050487759749895
-0.5000000011898637 0.866025403097468 -0.1258933578373563 -0.992043780511949
0.5000000158177435 0.866025473464911 -0.922081739222679 -0.3869949995597013
-0.999999982992391 0.00000006761957094258975 -0.922081836890924 -0.3869949871653025
-0.4999999841822565 0.866025472090975 -0.922081758705124 -0.386994997087321