4OFF
# Vertices for 5{5/2}5 , 4D real representation
120

# Vertices.  Each line is the XYZW coordinates of one vertex.
0.41562693668872 0.92937008699806 -0.415626938184891 -0.4156269365634576
0.6724985117440343 0.6724985121838784 0.158755361780178 -0.6724985123914212
0.831253875283067 0.831253875826744 -0.0000000001183232609114349 -0.00000000002793258159494716
0.929370085229733 0.4156269387930579 -0.4156269396813792 -0.4156269369167312
0.2568715741304324 1.088125449553575 0.2568715746463734 -0.2568715745783861
-0.0000000005716084272577859 0.831253875826744 -0.00000000096839053442821 -0.831253875283067
0.4156269366714574 0.4156269387930578 -0.4156269402067498 -0.92937008510447
0.672498510773959 0.6724985130635639 -0.672498511654815 0.1587553652833966
0.2568715735308924 1.08812545009725 -0.2568715724164555 0.2568715751047992
1.088125449957177 0.2568715742705063 0.2568715722250043 -0.256871575149995
0.6724985127141105 0.6724985113041927 0.672498511463364 -0.158755365328592
0.4156269360719181 0.4156269393367333 -0.929370087269579 -0.4156269354212848
-0.2568715750273824 1.08812545009725 -0.2568715729418257 -0.2568715730829398
-0.1587553650807167 0.672498513063564 -0.6724985125048818 -0.6724985099717382
-0.00000000154168428717627 0.83125387670643 -0.831253874403383 0.000000002391750348121335
0.1587553641558354 0.6724985113041926 0.6724985109379934 -0.6724985135163313
0.831253875255135 0.0000000005436763261812416 -0.000000003389759278826787 -0.831253875854676
0.4156269382583366 0.929370085574699 0.4156269394899289 0.4156269368715354
1.088125449357637 0.2568715748141818 -0.2568715748378248 0.2568715745331903
0.2568715741025003 0.2568715742705066 0.2568715713749369 -1.088125450405129
0.6724985117440347 0.6724985121838785 -0.1587553619716284 0.6724985123462263
0.6724985126968476 0.1587553630991907 0.6724985094415063 -0.6724985138696051
0.929370086799349 0.4156269373696968 0.4156269379934408 0.415626936518262
0.6724985107460273 -0.1587553622195041 -0.6724985149262507 -0.6724985105433468
-0.4156269375963401 0.929370085574699 0.4156269386398615 -0.4156269383835999
0.83125387428506 0.000000001423361206676077 -0.831253876824753 0.00000000182014180116763
-0.2568715740573068 1.088125449217565 0.2568715767413603 0.2568715739798892
1.088125449340375 -0.2568715733908207 -0.2568715768596829 -0.2568715740078216
0.000000000998007010366564 0.831253874403383 0.83125387670643 -0.000000001848074832055957
-0.2568715750553139 0.2568715748141821 -0.2568715762132623 -1.088125448909683
0.1587553625862197 0.6724985127275533 -0.6724985095598283 0.6724985138416724
-0.00000000156961543762435 0.000000001423361456476258 -0.83125387767482 -0.831253873434993
-0.6724985126689159 0.6724985121838781 -0.1587553633470662 -0.6724985110966482
-0.4156269385664154 0.929370086454385 -0.4156269347951317 0.4156269392912185
0.2568715725328852 0.2568715756938673 -1.088125449122885 0.2568715769528733
0.2568715734856987 -0.2568715733908204 -0.2568715777097503 -1.088125449262957
-0.4156269376136022 0.4156269373696963 0.4156269366180025 -0.929370086924612
0.6724985111272326 0.1587553645225516 -0.6724985110563169 0.6724985134883986
0.00000000002793185127636377 0.831253875283069 0.000000003271436704865849 0.831253875826744
0.831253876824752 -0.000000000879685538782326 0.83125387428506 -0.000000002419683614834178
-0.672498513268456 0.6724985127275545 -0.6724985104098955 -0.1587553614134629
-0.2568715760253894 0.2568715756938675 -1.088125449648255 -0.256871571234865
0.929370086771417 -0.4156269379133714 0.4156269347220038 -0.4156269393084817
0.2568715756721163 0.2568715728471453 1.088125449049756 -0.2568715769701365
1.08812545031045 -0.2568715742705058 0.2568715728235028 0.2568715730550072
0.4156269392111493 0.4156269364900114 0.929370087151256 0.4156269353933522
-0.831253875826744 0.831253875283069 0.000000002421369105221061 0.0000000005716087464469055
0.2568715725156227 -0.2568715725111351 -1.088125451144744 -0.2568715715881387
0.000000000970075797468439 -0.00000000087968510253944 0.831253873434993 -0.831253877674818
0.4156269382131418 -0.4156269379133716 0.4156269341966333 -0.92937008749622
0.4156269386116102 0.4156269370336863 0.4156269400884268 0.929370085076537
0.831253875854677 -0.0000000000000001110223024625157 0.000000000850067516378061 0.831253875255136
0.6724985116988402 -0.6724985113041918 -0.1587553672649238 -0.6724985120215305
0.929370085801342 -0.4156269370336865 -0.4156269387129892 0.415626938366336
-0.4156269366435273 0.4156269364900115 0.929370086301189 -0.4156269398617831
-0.1587553625410245 0.6724985107605166 0.6724985148531233 0.6724985105260836
-0.6724985132857181 0.1587553645225515 -0.6724985124317538 -0.672498509954475
-0.4156269391832176 0.4156269387930581 -0.929370083879819 0.4156269404333911
0.6724985110993006 -0.6724985107605162 -0.672498514327753 -0.1587553623383453
-0.2568715741025006 -0.2568715742705062 0.2568715714480651 -1.088125450387867
-0.6724985110993009 0.6724985107605173 0.672498514327753 0.158755362338345
0.2568715741025017 0.256871574270506 -0.2568715714480653 1.088125450387867
0.415626939183218 -0.4156269387930572 0.929370083879819 -0.4156269404333918
0.6724985132857192 -0.1587553645225513 0.672498512431754 0.6724985099544743
0.1587553625410258 -0.6724985107605166 -0.6724985148531234 -0.6724985105260838
-0.929370085801341 0.4156269370336865 0.4156269387129888 -0.4156269383663362
0.4156269366435269 -0.4156269364900106 -0.929370086301189 0.4156269398617829
-0.6724985116988398 0.6724985113041924 0.1587553672649247 0.6724985120215297
-0.831253875854675 0.0000000000000004440892098500626 -0.000000000850067349844608 -0.831253875255135
-0.4156269386116095 -0.4156269370336861 -0.4156269400884272 -0.929370085076537
-0.000000000970075630934986 0.000000000879685768673255 -0.831253873434993 0.831253877674818
-0.4156269382131422 0.4156269379133722 -0.4156269341966335 0.92937008749622
0.831253875826745 -0.831253875283068 -0.000000002421369216243363 -0.000000000571608857469208
-0.2568715725156221 0.2568715725111347 1.088125451144744 0.2568715715881381
-0.4156269392111492 -0.4156269364900105 -0.929370087151256 -0.4156269353933528
-1.088125450310449 0.2568715742705063 -0.2568715728235021 -0.2568715730550069
-0.2568715756721159 -0.2568715728471452 -1.088125449049757 0.2568715769701364
-0.929370086771417 0.4156269379133722 -0.4156269347220046 0.4156269393084817
0.6724985132684568 -0.6724985127275537 0.6724985104098959 0.1587553614134627
0.2568715760253903 -0.2568715756938671 1.088125449648255 0.256871571234865
-0.831253876824751 0.000000000879685765019611 -0.83125387428506 0.00000000241968282957734
-0.00000000002793143494272954 -0.831253875283068 -0.000000003271436288532215 -0.831253875826744
-0.672498511127232 -0.1587553645225511 0.6724985110563166 -0.6724985134883989
0.4156269376136025 -0.4156269373696962 -0.4156269366180026 0.929370086924612
-0.2568715734856977 0.2568715733908202 0.2568715777097501 1.088125449262957
0.4156269385664158 -0.929370086454384 0.4156269347951316 -0.415626939291219
-0.256871572532885 -0.2568715756938668 1.088125449122884 -0.2568715769528733
0.6724985126689167 -0.672498512183878 0.1587553633470661 0.6724985110966479
0.000000001569616076002589 -0.00000000142336112340935 0.83125387767482 0.831253873434993
-0.1587553625862197 -0.6724985127275531 0.6724985095598274 -0.672498513841672
0.256871575055315 -0.256871574814182 0.2568715762132623 1.088125448909684
-0.000000000998006899344262 -0.831253874403382 -0.831253876706429 0.000000001848073999388689
-1.088125449340373 0.2568715733908205 0.2568715768596832 0.2568715740078219
0.256871574057307 -1.088125449217564 -0.2568715767413598 -0.2568715739798897
-0.83125387428506 -0.000000001423361206676077 0.831253876824752 -0.000000001820142578323747
0.4156269375963403 -0.929370085574699 -0.4156269386398616 0.4156269383835994
-0.6724985107460273 0.1587553622195047 0.6724985149262515 0.6724985105433468
-0.929370086799348 -0.4156269373696957 -0.41562693799344 -0.4156269365182619
-0.6724985126968473 -0.1587553630991902 -0.6724985094415052 0.6724985138696045
-0.6724985117440339 -0.6724985121838776 0.1587553619716285 -0.6724985123462255
-0.2568715741025004 -0.256871574270506 -0.2568715713749372 1.08812545040513
-0.4156269382583357 -0.929370085574698 -0.4156269394899282 -0.4156269368715354
-1.088125449357636 -0.2568715748141814 0.2568715748378247 -0.2568715745331902
-0.1587553641558352 -0.6724985113041924 -0.6724985109379936 0.6724985135163308
-0.831253875255136 -0.0000000005436754102472463 0.00000000338975963964927 0.831253875854676
0.000000001541684509220875 -0.831253876706429 0.831253874403383 -0.000000002391751015989874
0.1587553650807171 -0.6724985130635634 0.6724985125048817 0.6724985099717376
0.2568715750273825 -1.08812545009725 0.2568715729418254 0.2568715730829388
-0.4156269360719175 -0.4156269393367332 0.929370087269578 0.4156269354212842
-1.088125449957176 -0.2568715742705061 -0.2568715722250043 0.2568715751499943
-0.6724985127141102 -0.672498511304192 -0.6724985114633633 0.1587553653285922
-0.256871573530892 -1.08812545009725 0.2568715724164556 -0.2568715751047995
-0.6724985107739582 -0.6724985130635633 0.672498511654815 -0.1587553652833968
0.0000000005716079831685761 -0.831253875826744 0.000000000968390145850151 0.831253875283067
-0.4156269366714577 -0.4156269387930576 0.4156269402067498 0.92937008510447
-0.2568715741304319 -1.088125449553574 -0.2568715746463734 0.2568715745783853
-0.929370085229732 -0.4156269387930575 0.415626939681379 0.4156269369167306
-0.831253875283067 -0.831253875826744 0.0000000001183229972334665 0.00000000002793202821815832
-0.6724985117440337 -0.6724985121838779 -0.1587553617801776 0.6724985123914207
-0.4156269366887195 -0.92937008699806 0.4156269381848904 0.4156269365634574