4OFF
# Vertices for 5{3}2 , 4D real representation
600

# Vertices.  Each line is the XYZW coordinates of one vertex.
0.4539904674901027 -0.5781375889931272 0.2008742896985992 0.7071067857888938
0.5336978337273415 -0.7345720570286103 0.00000007771861451622009 0.5062325734845411
0.5781375367998333 -0.4539904912344833 0.4539905799414993 0.5781375951150048
0.6104249560937598 -0.4095507441012539 -0.02746519156386071 0.7345720709267997
0.2531162287909309 -0.6901322985529124 0.4095507959118861 0.6104249617552988
0.6901322677312907 -0.2531162752038577 0.253116373275893 0.6901323126705025
0.2805815362639269 -0.863541242533353 0.1564345169767104 0.4814557809386843
0.707106764525422 -0.7071067775279022 0.1289692774945337 0.2531162921431981
0.734572011474175 -0.5336978332504669 0.4095508384379113 0.2975560394726218
0.4095507025500709 -0.2975560282563457 0.2805816256304652 0.86354124776811
0.2008742043243938 -0.7071067788506626 0.02746532470546939 0.7345720634686501
0.7345720687340652 -0.5336978405174366 -0.1564343691471198 0.4814557946079902
0.4095506756453315 -0.610424954845328 0.6104250255040647 0.4095507416281676
0.4095507571497786 -0.6104249651892236 -0.2008741511892731 0.7071067937200533
0.297555966161128 -0.4095507371115775 0.5336978938835458 0.7345720536113761
0.863541208115469 -0.2805815528294117 0.2975561393802335 0.4095507552974723
0.4539904766481052 -0.891006520158906 0.2008742830810512 0.2008742235656542
0.891006515588465 -0.4539904968098517 0.04443986044505807 0.2805815744808587
0.533697788285636 -0.7345720512615104 0.4814558479208051 0.1564344653093577
0.7071067122439803 -0.2008742081232548 0.5781376819777064 0.4539904997211909
0.4539905109458108 -0.891006524511698 -0.1289691211701738 0.2531162937912674
0.4814557626658774 -0.1564344621606272 0.00000007293353659898472 0.907981007947642
-0.02746531519314183 -0.7345720542955738 0.2531163032558709 0.6901323015804227
0.7071068005881638 -0.7071067821046987 -0.2008741289966136 0.2008742360599004
0.6104248876898706 -0.409550735419976 0.6901323819721361 0.2531162778418609
0.5781376283574282 -0.4539905028542456 -0.4095506655931008 0.6104249842994079
0.7345720438629568 -0.02746527459149034 0.02746537242857092 0.734572071027247
0.7071067969142037 -0.200874218868925 -0.2531161885148068 0.6901323236978227
-0.00000003689551653085488 -0.907980994573308 0.2975560557697552 0.4095507420548758
0.156434378610012 -0.481455766310553 0.7345720937914265 0.5336978287827147
0.02746521005323677 -0.7345720502958719 0.5781376167131337 0.4539904893842993
0.1289691541993649 -0.2531162769620556 0.1564345033959349 0.987688339962826
-0.00000001435741080191288 -0.5062325609473747 0.0000000263176412884647 0.90798100056441
0.7071067533814221 -0.7071067761135953 0.2805816434454993 -0.04443974580637225
0.891006494391317 -0.4539904941196785 0.2805816615389424 0.04443976326219301
0.734572005101488 0.02746528623747718 0.4095508375492095 0.6104249683500021
0.1564344669541954 -0.987688340291997 -0.04443971718289378 0.280581565121424
0.156434481311607 -0.4814557793446223 -0.280581517694139 0.863541255916688
0.04443969032295592 -0.2805815512669766 0.4539905273786799 0.891006515808011
0.907980974661038 0.000000004909217254933651 0.1564345722044898 0.4814557896859045
0.863541271588545 -0.2805815608849093 -0.2975559300183954 0.4095507680554393
0.156434437778825 -0.987688336589291 0.2531163142661667 0.1289691864124928
0.2008741408513166 -0.7071067707951646 0.7071068164890521 0.200874208042957
0.02746529472346049 -0.7345720610415436 -0.2531162537793805 0.6901323133609322
0.2805814960216298 -0.04443974465310013 0.4539905493684994 0.891006519290855
0.2531163214393778 -0.6901323103111173 -0.453990451007063 0.5781376095959583
0.2531161943337248 -0.1289691755007042 0.7071068250878962 0.7071067705800036
0.987688340898276 -0.1564344631262645 -0.04443963977549431 0.2805815773815498
0.280581507088556 -0.863541238830647 0.5062326045090676 -0.000000004261397096305686
0.2008742186818043 -0.2008742179032883 -0.1564344197224794 0.987688347772765
-0.1564345086210249 -0.4814557723549467 0.2805815677532677 0.863541238601265
0.891006549886171 -0.453990501162644 -0.2531161775045109 0.1289692085298933
0.4539904220483963 -0.5781375832260284 0.7345721159840863 0.02746527112256209
0.4539904766481053 -0.891006520158907 0.2531163391643483 -0.1289691829254947
0.987688311722905 -0.1564344594235583 0.2531163916735655 0.1289691986726176
0.2805815997370031 -0.863541250588851 -0.4095506984931778 0.2975560500704115
0.5062324755308053 0.00000001206843136536406 0.7345721245829298 0.5336978336596085
0.2805815259527018 0.04443975803105954 0.1564345155387599 0.98768834188606
-0.2008742264019498 -0.7071067803727257 -0.02746527406713381 0.7345720578595673
0.2975560800067234 -0.4095507515599554 -0.5336977878276308 0.7345720764941231
0.5062325782324 -0.000000000965637791949803 -0.2805814869026352 0.863541260793582
-0.04443984007179111 -0.2805815484072655 0.7071067954035982 0.7071067658784739
-0.253116338297469 -0.6901322990015824 0.4539904944786029 0.5781375815790142
0.4814557080661683 0.1564344747722515 0.5336979058365719 0.7345720555045499
0.00000002657755995838507 -0.907981002628805 -0.2975560136288741 0.4095507548128431
0.5336978909872307 -0.7345720642955797 -0.4814557074814642 0.1564344859521814
0.4814556811614291 -0.1564344518167308 0.86354130571017 0.2805815493646064
0.4539905590476979 -0.5781376006128898 -0.6104248997527042 0.4095507684821479
0.2008741159802092 -0.2008742048692187 0.891006558064743 0.4539904844622137
0.734571980389881 -0.02746526653599257 0.7071068642121534 0.2008742156015526
0.4539905321429583 -0.891006527201872 -0.2805814998791054 -0.04443973765779487
0.6901322720355538 0.2531162870193825 0.2008743036329204 0.7071067879958749
-0.1564344726059177 -0.9876883396952 0.04443975595196608 0.2805815579307812
0.707106811732163 -0.7071067835190066 -0.2531161992222248 -0.1289691681913255
0.6901322285027719 -0.2531162702252866 0.7345721355932271 -0.02746528150832157
0.6901323603797373 -0.2531162869620624 -0.5781375073413995 0.4539905243345837
-0.0000000958618579516291 -0.5062325506034789 0.863541259094276 0.2805815419813753
0.7071067825567931 -0.7071067798163005 0.0444398322268357 -0.2805815469002573
0.863541198062322 -0.2805815515535458 0.481455870248507 -0.1564344601724189
0.25311631506669 -0.1289691908231728 -0.4539904518957647 0.891006538473338
-0.2975561032375014 -0.4095507382647998 0.5336978304104689 0.7345720435582308
0.1564344961295663 -0.987688343994704 -0.2805815284015565 0.04443976402753861
0.7071067087724918 0.2008742288036097 0.6104250462587735 0.4095507449153892
0.7071067902769386 0.2008742184597131 -0.2008741304345635 0.7071067970072756
-0.28058160644337 -0.863541240588845 0.4095507346291099 0.2975560230309258
-0.2008742512730571 -0.2008742144467798 0.1564344675085577 0.987688334278825
-0.1289691865881459 -0.253116281696921 -0.1564344541955485 0.987688342312768
0.891006515588465 -0.4539904968098517 0.1289692828300113 -0.2531162681868693
0.7345720215273227 -0.5336978345263326 0.4095508256799451 -0.2975560299260111
0.7345720977499351 0.02746527447927272 -0.4539904093697395 0.5781376161906618
-0.2008742948058388 -0.7071067716914483 0.6901322994688639 0.2531162647746286
0.4095507013968486 0.2975560411422883 0.280581617574967 0.863541246492245
-0.2805815491834804 -0.863541247855815 -0.1564344729559222 0.4814557781662932
0.2531162811970812 0.1289691875691363 -0.1564344186152733 0.98768834794813
-0.4095507786741055 -0.6104249613383907 0.2008741980326229 0.7071067712704324
0.987688315473939 0.1564344701039069 0.2008743258255802 0.2008742303357222
0.7345721141757695 -0.5336978462845368 -0.5062324773223002 0.00000002440579847559076
0.4095506502209941 -0.2975560216151558 0.907981047188436 -0.0000000119088103203797
0.1564344489228245 -0.9876883380036 0.2008742440405556 -0.2008742178387341
0.907980945485666 0.00000000861192345213979 0.5062326597368475 0.000000004485822602262601
0.4539905109458109 -0.891006524511698 -0.04443969878522116 -0.2805815488764605
0.86354123713134 0.280581562167298 0.0000000991576147857387 0.5062325768801438
-0.1564344938030657 -0.987688337005027 0.28058155704585 0.04443974671211623
0.987688370073648 -0.1564344668289704 -0.2805814509941577 0.04443977628766441
0.25311621075956 -0.6901322962645146 0.7071068132186324 -0.2008742276960091
0.891006549886171 -0.4539905011626432 -0.2008741214212141 -0.2008741979612567
0.5781375256558334 -0.4539904898201752 0.6901323682774187 -0.2531162855022928
0.907981038134114 -0.000000003146280735943918 -0.4095506432653982 0.2975560588176316
-0.02746535442166043 -0.7345720493170024 0.7345720655732037 -0.02746529259840189
-0.2531163446701564 -0.1289691795136388 0.4539904935899012 0.891006510456396
-0.04443971933882637 -0.2805815637297329 -0.4539904815800627 0.891006533771808
0.2008741305400922 0.2008742297692476 0.7071068150511024 0.7071067689903319
-0.02746522254469527 -0.7345720660537769 -0.5781375773614222 0.4539905132445039
0.987688349771645 0.1564344657511159 -0.1289690784256446 0.2531163005613346
-0.00000004694866512222617 -0.907980993297443 0.4814557866380277 -0.1564344734150155
0.4095508163956647 -0.2975560427047225 -0.7345719999974144 0.533697864159708
-0.1289692892897405 -0.2531162686628517 0.891006523591672 0.4539904790022161
0.987688322866906 -0.1564344608378662 0.2008743214479542 -0.2008742055786086
0.5336978174610064 -0.7345720549642165 0.2975560927854392 -0.4095507422756769
-0.253116246739874 -0.6901323106213452 -0.4095507510559978 0.6104249707634173
0.1289691231150707 0.2531162897524189 0.4539905291701769 0.891006516091756
0.6104250375982066 -0.4095507544451503 -0.7071067062301879 0.2008742446413107
0.128969079582289 -0.2531162674922496 0.987688361130483 0.1564344465875608
0.6104249057983155 0.4095507550548644 0.453990571696202 0.5781375938090799
0.2008742889946176 -0.7071067895963344 -0.6901322694733498 0.2531163011513169
0.2531161784954854 0.1289692006032053 0.891006559171949 0.4539904846375787
-0.156434438308212 -0.987688344047993 -0.2531162819976022 0.1289691919798157
0.863541191689634 0.2805815679343976 0.4814558693598046 0.1564344687049613
0.1564344849855661 -0.987688342580397 -0.128969162450591 -0.2531162739220319
0.4814558219117631 0.1564344603238737 -0.5336977758746055 0.7345720783872965
-0.4539905706440111 -0.5781375858468478 0.6104249329639979 0.409550726971263
0.04443971933882676 0.2805815637297327 0.1564344871560607 0.987688337390683
-0.4539904891395642 -0.5781375961907436 -0.2008742437293398 0.7071067790631494
0.5781375837484982 0.4539905020629591 -0.02746520669652894 0.7345720685300215
-0.4539905160443027 -0.891006522779726 0.1289691561442587 0.2531162729232066
0.04443981726910899 -0.2805815673779728 -0.7071067574898371 0.7071067976977055
0.2975560185672784 0.409550749010471 0.00000004565804338238587 0.907981003627629
-0.533697847983836 -0.7345720590970352 -0.00000003612698094280703 0.5062325554531734
-0.2805816466856668 -0.04443974270859116 0.7071067670208996 0.7071067613830968
0.987688358929647 -0.1564344654146634 -0.1289690850431933 -0.2531162616619054
0.4095506936767017 -0.6104249571337258 0.5781376363196631 -0.4539905039064369
0.2805816229677821 -0.04443976076409598 -0.7071067355000183 0.7071068011805498
-0.4095508332738128 -0.297556024405512 0.7345720309356583 0.5336978188273404
0.4095508255536674 -0.6104249738705015 -0.7345720066149627 0.0274653019364675
0.2805814513356255 0.04443976750086481 0.987688373273308 0.1564344485107946
0.863541300763916 -0.2805815645876157 -0.4814556851537609 -0.1564344395295959
0.2975559481297574 -0.409550734823179 0.863541277491949 -0.2805815720165101
0.987688315473939 0.1564344701039073 0.2531163819088774 -0.1289691761554269
0.2805815525302615 -0.863541244597747 0.1564344963338874 -0.4814557744635887
0.5336978809340824 -0.7345720630197146 -0.2975559766131909 -0.4095507295177109
0.7345719870701169 0.02746528852587554 0.7071068548559554 -0.2008742211013065
0.2008742512730578 0.2008742144467797 -0.4539904619325585 0.891006536883667
-0.578137647221574 -0.453990494007461 0.4095507040561099 0.6104249472067766
-0.2531163150666893 0.1289691908231723 0.1564344574717628 0.987688332689153
-0.4095507305722184 -0.2975560374395822 -0.2805815805499086 0.863541245961314
0.7345721285331811 -0.02746528533716139 -0.6901322217502494 0.2531163087099124
-0.1564345609501018 -0.4814557657137567 0.907980989311239 -0.00000002107565652553767
-0.2975559893919068 -0.4095507527131778 -0.5336978513007077 0.7345720664409768
-0.2008742821548797 0.2008742259587861 0.4539904946971064 0.89100651063176
0.6901322265938486 0.2531162927864823 0.734572129918408 0.02746527332954268
0.2805816097901508 -0.863541251864717 -0.4095507112511435 -0.2975560193282205
0.7345720850003993 -0.5336978425818311 -0.1564343897899425 -0.4814557607942836
0.7071067233879797 -0.2008742095375623 0.610425034137049 -0.4095507471977628
0.89100650527724 0.45399050375456 0.1289692813920616 0.2531162927605055
-0.1564344726059178 -0.987688339695201 0.1289691783369183 -0.2531162847369466
-0.2805815594947054 0.04443975270859779 -0.1564344743938718 0.987688339113669
-0.4814557927363919 -0.1564344640265797 -0.00000002976805954513218 0.90798099168131
0.4539904599641934 0.5781375998934502 0.2531163368376965 0.6901323068992607
-0.4539904799815609 -0.891006527356523 -0.2008742503468884 0.2008742168399089
-0.04443975379603171 0.2805815593224751 -0.1564344524040526 0.987688342596514
-0.6104249793245389 -0.4095507457235016 0.02746523414669864 0.7345720491255536
-0.1564343947754298 -0.4814557868033233 -0.7345720578746118 0.5336978549928622
-0.1289692749323305 0.2531162922845232 0.7071067791637241 0.7071067633063314
0.6104249973559099 0.4095507434351029 -0.4095506738383986 0.6104249829934815
-0.5336978934255421 -0.7345720533299356 0.4814557340752097 0.1564344472779896
0.987688370968792 0.1564344630609418 -0.2805814571345764 -0.04443973088772793
0.0274652211972356 -0.7345720517101801 0.610424968872475 -0.4095507575346539
0.7345720094057512 0.5336978484607173 0.4095508239895339 0.2975560371842244
0.5781375153446087 0.4539905107442364 0.6901323668394681 0.2531162754450822
-0.1564344383082121 -0.987688344047993 -0.2008742259143066 -0.2008742145113334
0.00000005575292993942327 -0.907981006331512 -0.4814557687642402 -0.156434452772192
0.86354125532221 -0.280581558820516 0.0000000850484287717723 -0.5062325477047781
0.6104249269183885 -0.4095507403985482 0.4539905579955064 -0.5781375926506565
0.6901323635931488 0.2531162753996207 -0.6104248858183826 0.4095507706891278
0.4814558653674718 -0.1564344751946962 -0.863541186743378 0.2805815863896685
0.7345720666656403 0.5336978411937476 -0.1564343835954981 0.4814557923195927
-0.2008743258901337 -0.2008742049769743 0.987688325243105 0.1564344409035594
-0.4539905271883031 -0.891006521365418 0.2805815220952252 -0.0444397650263641
-0.4095508241158108 -0.6104249555712901 0.7345720243181098 0.02746525660410037
0.7071068603872799 -0.2008742269244239 -0.7345719815997426 -0.02746524983817701
0.04443965109443676 -0.2805815462884051 0.987688345779311 -0.1564344848619622
0.5781376737991337 -0.4539905086213444 -0.7071067176849843 -0.2008741923939327
0.2805814567931103 -0.04443973967452886 0.98768836776913 -0.1564344813791173
-0.2805815259527012 -0.0444397580310588 -0.4539905099627624 0.891006529276432
-0.5062326074077705 0.000000004668343274449871 0.2805815239276947 0.863541231659977
0.1289692749323297 -0.2531162922845234 -0.891006497274031 0.4539905215621934
-0.2805816621963002 0.04443976574266754 0.89100650339335 0.4539904758031178
0.891006541339982 0.4539904991777638 -0.2008741250990862 0.2008742366772089
0.863541294391229 0.2805815549003285 -0.4814556860424633 0.1564344893477843
-0.2805815963902224 -0.863541241864711 0.4095507218711436 -0.2975560463677067
-0.2531163494414696 -0.6901322975872748 0.6901322828145218 -0.2531162990382831
0.0000000883441838225862 -0.5062325739814446 -0.863541233359273 0.2805815790064374
-0.04443985649762635 0.2805815723565446 0.89100652538317 0.4539904792859627
-0.2008741448975033 -0.7071067907166223 -0.7071067887334605 0.2008742315740783
0.1564343767440599 0.4814557890917221 0.7345720807573571 0.5336978267183213
0.02746535819653667 -0.7345720690970418 -0.7345720468643155 -0.02746526017506784
0.2975559370628307 0.4095507593543672 0.863541278434678 0.2805815450445939
0.987688349771644 0.1564344657511157 -0.0444396560406912 -0.2805815421063935
0.2008741862930216 -0.7071067765622643 0.4095507643971692 -0.6104249686503839
0.4095506759725112 0.6104249743724597 0.5781376392593389 0.4539904929552677
-0.2805815037417753 -0.863541253622915 -0.5062325811311017 0.000000007964102044510923
-0.4095506871165101 -0.6104249729581531 -0.6104249914186813 0.4095507539636865
-0.00000007031281240577059 0.5062325716930456 0.5336978497508708 0.7345720466214489
0.1564344794456538 0.4814557760576524 -0.2805815307282083 0.863541253852295
-0.7345720829319752 -0.5336978391293538 0.1564344042383195 0.4814557630826813
0.2531163606678958 -0.6901323152896888 -0.6901322749836918 -0.2531162608965594
0.4095506490677725 0.2975560477834783 0.907981039132938 -0.00000001318467501842946
0.891006494133241 0.4539905051688677 0.280581647343026 -0.04443974518906477
0.00000001031122498496018 -0.907981000564412 0.00000000143795036988692 -0.5062325609473754
0.907980990927371 0.000000002844823210335079 0.1564345515616667 -0.4814557657163694
0.4539904855214727 -0.5781375912815257 0.2531163228991513 -0.6901323024134376
0.907981048187261 -0.000000004422146676619221 -0.4095506560233649 -0.2975560105810006
0.1564343966413823 -0.4814557685989513 0.7345720709086825 -0.5336978529284691
0.4095507606427354 0.6104249636267893 -0.2531162312331744 0.6901323169319
-0.7071068046343495 -0.7071067794070883 0.2008741567522054 0.200874203557134
-0.1289691541993636 0.2531162769620559 -0.4539904978199363 0.891006531199666
-0.7071068194523088 -0.2008742147570071 0.2531162235429203 0.6901322889551343
-0.2531162177240035 -0.1289691956246349 -0.7071067912786164 0.7071067923460891
-0.4814558473360997 0.1564344729062983 0.533697803134976 0.7345720392382182
-0.1564345104869773 0.4814557830473292 0.2805815547191985 0.863541236536871
-0.578137554573127 -0.4539905057656645 -0.4539905428628389 0.5781375950474351
0.2805816466856673 0.044439742708591 -0.891006485131206 0.4539905234854275
0.4095508152424423 0.2975560266939109 -0.7345720080529126 0.5336978628838426
-0.4814558742408387 -0.1564344536826838 0.863541203008575 0.2805815330982751
-0.610425042797615 -0.4095507376680035 0.7071067259302817 0.2008741936998594
0.4539905701916976 -0.5781376020271964 -0.5781375475933626 -0.4539904784368058
0.481455690034797 0.15643447706065 0.863541289444975 -0.2805815701233367
0.1289692500612228 0.2531162736414234 -0.7071067556983401 0.7071067979814501
-0.6901323747371481 -0.2531162739853131 0.578137533659041 0.4539904762298256
0.1564345628160535 -0.4814557896885185 -0.907980976277169 0.0000000231400497097134
0.04443964472174993 0.2805815731995388 0.987688344890609 0.1564344440154176
0.2531162647712462 0.6901323083329459 0.02746531136429751 0.734572061355618
-0.7071067703366439 -0.7071067837598805 -0.1289692474990191 0.253116273782747
0.5336978007770949 0.7345720650881392 0.2975560904587864 0.4095507475490777
-0.4539904688375617 -0.89100652877083 -0.2531163205724987 -0.1289691874113177
0.6901322969066609 -0.2531162789065643 0.2008742801675367 -0.707106773291906
0.6901323784111075 -0.2531162892504605 -0.6104248965258002 -0.4095507212000207
0.2531161943337248 -0.1289691755007049 0.891006543198203 -0.4539905142885202
0.7345720258315859 -0.02746527230309184 0.4095508121202702 -0.6104249610917886
0.5781376103260571 -0.4539905005658462 -0.0274652259014013 -0.7345720478196279
0.200874162928874 0.7071067884282238 0.4095507714267147 0.6104249578772301
-0.5336977907239467 -0.7345720663640055 -0.4814558213270601 0.1564344679208141
-0.2975560508313515 0.4095507478572488 -0.0000000178150338092653 0.907980993574484
-0.6901322900669245 -0.2531162847309848 -0.2531163368334728 0.6901323002064585
0.7071067703366446 0.7071067837598801 0.04443982511406697 0.280581568884981
-0.4539904980129323 -0.891006525068124 0.04443971087656212 -0.2805815661202508
0.6104250195668364 -0.4095507521567527 -0.4095506889234421 -0.6104249448099975
0.863541220865004 0.2805815642316913 0.2975561142244384 -0.4095507388800727
0.5062324935621763 0.00000000978003322771315 0.7345721017001857 -0.5336978480515739
0.4095507863251488 -0.610424968891931 -0.2531162442976292 -0.6901322922423567
0.2531162922640066 -0.6901323066084116 0.0274652985523047 -0.7345720539814983
0.7071067268038622 0.2008742265152109 0.5781376570743719 -0.453990500619215
0.7071068586808278 0.2008742097784353 -0.7345719858602532 0.02746530522369056
-0.2975561212688722 -0.4095507359764021 0.863541214018872 -0.2805815820696557
0.2008743213833992 -0.2008742309373578 -0.987688313097738 0.1564344900382141
-0.2531163896837669 0.1289692002929782 0.987688315206311 0.1564344393138875
0.2008742778506174 -0.7071067881820262 -0.4539904811374312 -0.578137579465981
0.6104248946543144 0.4095507564691728 0.6901323600321216 -0.2531162868082188
-0.2008741305400915 -0.2008742297692467 -0.891006533161409 0.4539905158781925
-0.409550834427036 0.297556044993121 0.7345720228801589 0.5336978175514755
0.734572136978453 0.02746526950070116 -0.6901322333463692 -0.2531162543018557
0.891006552483982 0.4539904977634565 -0.253116195324697 -0.1289691675740171
-0.04443984007179214 -0.280581548407266 0.891006513513906 -0.4539905189900505
-0.2008742555773208 -0.7071067766700202 0.4539904754922338 -0.5781376057178889
0.5062326597368467 -0.00000001130953393435608 -0.907980945485666 0.00000002801694355680784
-0.2531163838986754 -0.1289691745350671 0.987688311990531 -0.1564344902135781
-0.4095507317254404 0.2975560319590512 -0.2805815886054057 0.863541244685449
-0.7345720685745627 -0.02746527818197872 -0.02746534018962823 0.7345720473867949
0.891006523308612 0.4539905014661617 0.04443983612436322 -0.2805815462829495
-0.02746528601777176 -0.7345720579982801 0.200874210147514 -0.7071067843819869
0.7071067491394965 0.7071067864500526 0.2805816262079511 0.04443975766631514
0.2975561323357992 -0.4095507582011454 -0.863541214961601 -0.2805815349914474
0.1289690838865519 0.25311629473099 0.987688347570808 -0.1564344845782168
-0.2805815329171461 -0.863541249920208 -0.156434493598744 -0.4814557772359789
0.4539904207356744 0.5781376048720207 0.734572099155029 -0.0274652872795639
-0.02746520451332468 -0.7345720683421755 -0.6104249665458226 -0.4095507322901012
0.4539905526126404 0.5781375881352453 -0.5781375437795963 0.4539905185633421
-0.7345721121073457 -0.533697835426648 0.5062324917706777 -0.00000002211740018909225
0.7071068149455741 -0.2008742211573238 -0.2008741553142545 -0.7071067645045104
0.4814557334905056 -0.1564344584579205 0.5336978785762013 -0.7345720621209651
-0.2008741552087276 0.20087420984779 -0.7071067901714106 0.707106792521453
-0.7345721173891809 0.02746528392285353 0.45399043341433 0.5781375719073861
0.5336978642501712 0.7345720570326416 -0.2975559789398422 0.4095507603070443
-0.7071068046343491 -0.7071067794070877 0.2531162128355023 -0.128969202934015
0.00000004353278282298589 0.5062325572446688 -0.5336978319603059 0.734572069504196
-0.863541284338082 -0.2805815561761941 0.2975559551741906 0.4095507261221067
-0.02746531275483066 0.734572063329942 0.2008742205788279 0.7071067748414
-0.734572019458899 -0.5336978471848525 -0.409550811231568 0.2975560322144077
0.2531162012981694 0.6901323163884431 0.7071068031478801 0.2008742059299244
0.5781376652529456 0.4539904917190638 -0.707106721362856 0.2008742422445323
-0.2531162012981685 -0.6901323163884441 -0.7071068031478799 -0.2008742059299232
-0.5781376652529449 -0.4539904917190633 0.7071067213628565 -0.2008742422445327
0.02746531275483166 -0.7345720633299415 -0.2008742205788284 -0.7071067748414009
0.734572019458898 0.5336978471848517 0.4095508112315679 -0.2975560322144087
0.863541284338081 0.2805815561761936 -0.2975559551741902 -0.4095507261221066
-0.00000004353278199031863 -0.506232557244669 0.5336978319603061 -0.7345720695041949
0.7071068046343502 0.7071067794070879 -0.253116212835502 0.1289692029340146
-0.5336978642501716 -0.734572057032641 0.2975559789398428 -0.4095507603070443
0.7345721173891812 -0.02746528392285381 -0.4539904334143311 -0.5781375719073861
0.2008741552087278 -0.2008742098477894 0.7071067901714112 -0.7071067925214535
-0.4814557334905052 0.1564344584579212 -0.5336978785762005 0.734572062120964
-0.707106814945575 0.2008742211573234 0.2008741553142548 0.7071067645045094
0.7345721121073461 0.533697835426648 -0.5062324917706778 0.0000000221174012715597
-0.4539905526126406 -0.5781375881352465 0.5781375437795962 -0.4539905185633422
0.2805815329171467 0.863541249920208 0.1564344935987442 0.4814557772359803
-0.1289690838865515 -0.2531162947309906 -0.987688347570806 0.1564344845782175
-0.2975561323357981 0.4095507582011443 0.8635412149616 0.2805815349914477
-0.7071067491394965 -0.7071067864500539 -0.2805816262079508 -0.04443975766631436
0.02746520451332424 0.7345720683421754 0.6104249665458227 0.4095507322901009
-0.4539904207356745 -0.5781376048720204 -0.7345720991550291 0.02746528727956363
0.02746528601777165 0.7345720579982792 -0.2008742101475139 0.7071067843819868
-0.891006523308611 -0.453990501466162 -0.04443983612436337 0.2805815462829503
0.7345720685745633 0.02746527818197864 0.02746534018962763 -0.7345720473867944
0.4095507317254402 -0.2975560319590525 0.2805815886054066 -0.863541244685449
0.253116383898675 0.1289691745350671 -0.987688311990532 0.1564344902135788
-0.5062326597368463 0.00000001130953371231147 0.907980945485665 -0.00000002801694452825298
0.200874255577322 0.7071067766700201 -0.4539904754922341 0.5781376057178893
0.04443984007179247 0.2805815484072649 -0.891006513513906 0.4539905189900505
-0.7345721369784528 -0.02746526950070166 0.6901322333463692 0.2531162543018564
-0.891006552483982 -0.453990497763456 0.2531161953246976 0.128969167574018
0.4095508344270349 -0.2975560449931211 -0.73457202288016 -0.5336978175514759
0.2008741305400916 0.2008742297692478 0.89100653316141 -0.453990515878192
-0.2008742778506164 0.7071067881820257 0.4539904811374306 0.5781375794659819
-0.6104248946543142 -0.4095507564691728 -0.6901323600321198 0.2531162868082184
0.2531163896837664 -0.1289692002929791 -0.98768831520631 -0.1564344393138877
-0.2008743213833984 0.2008742309373574 0.987688313097738 -0.1564344900382136
0.2975561212688731 0.4095507359764015 -0.863541214018872 0.2805815820696558
-0.707106858680828 -0.2008742097784352 0.7345719858602541 -0.0274653052236899
-0.5062324935621747 -0.00000000978003344975775 -0.7345721017001845 0.5336978480515743
-0.2531162922640058 0.69013230660841 -0.02746529855230468 0.7345720539814979
-0.6104250195668346 0.4095507521567518 0.4095506889234418 0.6104249448099974
-0.863541220865004 -0.2805815642316924 -0.297556114224439 0.409550738880074
-0.4095507863251485 0.6104249688919291 0.2531162442976296 0.6901322922423559
-0.7071067268038613 -0.2008742265152105 -0.5781376570743727 0.4539905006192154
0.4539904980129318 0.891006525068123 -0.04443971087656086 0.2805815661202503
-0.7071067703366442 -0.7071067837598806 -0.04443982511406693 -0.28058156888498
0.6901322900669243 0.2531162847309842 0.2531163368334734 -0.6901323002064585
0.2975560508313517 -0.4095507478572488 0.00000001781503342068724 -0.907980993574482
0.533697790723947 0.7345720663640049 0.481455821327059 -0.1564344679208136
-0.2008741629288742 -0.7071067884282238 -0.4095507714267132 -0.6104249578772292
-0.7345720258315859 0.02746527230309195 -0.4095508121202702 0.6104249610917885
-0.5781376103260567 0.4539905005658468 0.02746522590140072 0.7345720478196267
-0.253116194333724 0.1289691755007046 -0.891006543198203 0.453990514288521
-0.6901323784111075 0.2531162892504605 0.6104248965258008 0.4095507212000211
-0.6901322969066598 0.2531162789065637 -0.2008742801675369 0.707106773291907
0.4539904688375608 0.891006528770829 0.2531163205724992 0.1289691874113168
-0.5336978007770943 -0.7345720650881386 -0.2975560904587864 -0.4095507475490781
0.7071067703366434 0.7071067837598788 0.1289692474990202 -0.2531162737827467
-0.2531162647712449 -0.6901323083329453 -0.02746531136429802 -0.7345720613556168
-0.04443964472175038 -0.2805815731995392 -0.987688344890609 -0.1564344440154184
-0.1564345628160537 0.4814557896885186 0.907980976277168 -0.00000002314004945991321
0.6901323747371483 0.2531162739853126 -0.5781375336590414 -0.4539904762298264
-0.1289692500612226 -0.2531162736414233 0.7071067556983401 -0.7071067979814499
-0.4814556900347974 -0.1564344770606496 -0.863541289444973 0.2805815701233361
-0.453990570191697 0.5781376020271974 0.5781375475933617 0.4539904784368062
0.4814558742408392 0.1564344536826831 -0.863541203008575 -0.2805815330982746
0.6104250427976151 0.4095507376680026 -0.7071067259302815 -0.20087419369986
-0.2805816466856678 -0.04443974270859234 0.891006485131207 -0.4539905234854278
-0.409550815242442 -0.2975560266939106 0.7345720080529131 -0.533697862883843
0.4814558473361005 -0.1564344729062985 -0.5336978031349763 -0.734572039238217
0.2531162177240034 0.1289691956246335 0.7071067912786166 -0.707106792346088
0.5781375545731278 0.4539905057656652 0.4539905428628383 -0.5781375950474352
0.1564345104869763 -0.4814557830473287 -0.2805815547191979 -0.863541236536871
0.7071068194523102 0.200874214757007 -0.2531162235429196 -0.6901322889551337
0.1289691541993642 -0.2531162769620561 0.4539904978199367 -0.891006531199665
0.7071068046343491 0.7071067794070879 -0.2008741567522045 -0.2008742035571347
-0.4095507606427349 -0.610424963626789 0.2531162312331745 -0.6901323169319
-0.1564343966413824 0.4814557685989508 -0.7345720709086807 0.5336978529284682
-0.907981048187262 0.000000004422145760685225 0.4095506560233644 0.2975560105810018
-0.4539904855214738 0.5781375912815262 -0.2531163228991512 0.6901323024134377
-0.907980990927372 -0.000000002844823487890835 -0.1564345515616674 0.4814557657163693
-0.00000001031122459638212 0.907981000564412 -0.000000001437949731508681 0.5062325609473746
-0.89100649413324 -0.4539905051688686 -0.2805816473430268 0.04443974518906415
-0.2531163606678958 0.6901323152896873 0.6901322749836922 0.2531162608965593
-0.4095506490677715 -0.2975560477834775 -0.907981039132938 0.00000001318467574007443
0.7345720829319752 0.5336978391293535 -0.1564344042383202 -0.4814557630826813
-0.1564344794456552 -0.481455776057652 0.2805815307282087 -0.863541253852294
0.00000007031281304414883 -0.5062325716930465 -0.5336978497508703 -0.734572046621448
0.4095506871165107 0.6104249729581523 0.6104249914186815 -0.4095507539636857
0.2805815037417754 0.863541253622914 0.5062325811311023 -0.000000007964101766955167
-0.4095506759725099 -0.6104249743724592 -0.5781376392593385 -0.4539904929552669
-0.2008741862930215 0.7071067765622649 -0.4095507643971697 0.6104249686503847
-0.987688349771644 -0.156434465751116 0.04443965604069228 0.2805815421063922
-0.02746535819653595 0.7345720690970414 0.7345720468643149 0.02746526017506895
-0.2975559370628309 -0.409550759354368 -0.863541278434677 -0.2805815450445934
0.04443985649762719 -0.280581572356544 -0.89100652538317 -0.4539904792859616
0.2008741448975035 0.7071067907166217 0.7071067887334608 -0.2008742315740784
-0.0000000883441842909616 0.5062325739814434 0.863541233359273 -0.2805815790064371
-0.1564343767440592 -0.4814557890917209 -0.7345720807573565 -0.5336978267183216
0.2805815963902227 0.86354124186471 -0.4095507218711431 0.2975560463677074
0.25311634944147 0.6901322975872748 -0.6901322828145222 0.2531162990382832
-0.891006541339982 -0.453990499177764 0.2008741250990868 -0.2008742366772085
-0.86354129439123 -0.2805815549003286 0.4814556860424627 -0.1564344893477842
0.2805816621963007 -0.04443976574266751 -0.89100650339335 -0.4539904758031177
-0.1289692749323296 0.2531162922845235 0.891006497274032 -0.4539905215621945
0.5062326074077701 -0.000000004668344339570085 -0.2805815239276938 -0.863541231659977
0.2805815259527015 0.0444397580310589 0.4539905099627612 -0.891006529276431
-0.2805814567931106 0.04443973967452763 -0.987688367769129 0.1564344813791177
-0.5781376737991325 0.4539905086213441 0.7071067176849829 0.2008741923939334
-0.04443965109443809 0.2805815462884049 -0.98768834577931 0.1564344848619623
-0.7071068603872799 0.2008742269244231 0.7345719815997422 0.02746524983817655
0.453990527188303 0.891006521365418 -0.2805815220952244 0.04443976502636474
0.2008743258901338 0.2008742049769734 -0.987688325243105 -0.1564344409035592
0.4095508241158109 0.6104249555712907 -0.7345720243181098 -0.02746525660410007
-0.481455865367471 0.1564344751946958 0.863541186743379 -0.2805815863896682
-0.7345720666656408 -0.5336978411937485 0.156434383595498 -0.4814557923195919
-0.6901323635931482 -0.2531162753996213 0.6104248858183824 -0.409550770689128
-0.6104249269183875 0.4095507403985482 -0.4539905579955064 0.5781375926506568
-0.863541255322211 0.2805815588205155 -0.0000000850484276893049 0.5062325477047787
0.1564344383082128 0.987688344047992 0.2008742259143057 0.2008742145113338
-0.5781375153446088 -0.4539905107442365 -0.6901323668394678 -0.2531162754450818
-0.7345720094057509 -0.5336978484607176 -0.4095508239895327 -0.2975560371842241
-0.00000005575293066106823 0.907981006331512 0.48145576876424 0.1564344527721921
-0.02746522119723593 0.7345720517101807 -0.6104249688724747 0.4095507575346543
-0.987688370968792 -0.1564344630609418 0.2805814571345761 0.04443973088772804
0.5336978934255415 0.7345720533299353 -0.4814557340752082 -0.156434447277989
-0.6104249973559086 -0.4095507434351029 0.4095506738383982 -0.6104249829934808
0.1289692749323294 -0.253116292284524 -0.7071067791637235 -0.707106763306331
0.1564343947754308 0.4814557868033241 0.7345720578746123 -0.5336978549928615
0.6104249793245384 0.4095507457235013 -0.0274652341466986 -0.7345720491255539
0.04443975379603243 -0.2805815593224743 0.1564344524040513 -0.987688342596514
0.4539904799815614 0.891006527356521 0.2008742503468878 -0.2008742168399093
-0.4539904599641936 -0.5781375998934494 -0.2531163368376966 -0.6901323068992608
0.4814557927363924 0.1564344640265798 0.00000002976805853205367 -0.90798099168131
0.2805815594947059 -0.04443975270859717 0.1564344743938723 -0.987688339113669
0.1564344726059177 0.987688339695201 -0.1289691783369189 0.2531162847369469
-0.891006505277241 -0.4539905037545605 -0.1289692813920603 -0.2531162927605067
-0.7071067233879797 0.2008742095375614 -0.6104250341370477 0.4095507471977626
-0.7345720850003987 0.533697842581831 0.1564343897899426 0.4814557607942842
-0.2805816097901497 0.863541251864715 0.4095507112511435 0.297556019328221
-0.6901322265938483 -0.253116292786483 -0.734572129918408 -0.02746527332954166
0.2008742821548807 -0.2008742259587855 -0.4539904946971064 -0.89100651063176
0.2975559893919067 0.4095507527131776 0.5336978513007084 -0.7345720664409773
0.1564345609501015 0.4814557657137552 -0.907980989311238 0.00000002107565622022634
-0.7345721285331801 0.02746528533716139 0.6901322217502484 -0.2531163087099112
0.2531163150666906 -0.1289691908231728 -0.1564344574717629 -0.987688332689152
0.4095507305722186 0.2975560374395815 0.2805815805499083 -0.863541245961313
0.5781376472215745 0.4539904940074604 -0.4095507040561105 -0.6104249472067758
-0.2008742512730577 -0.200874214446779 0.4539904619325597 -0.891006536883667
-0.28058155253026 0.863541244597746 -0.1564344963338877 0.4814557744635893
-0.987688315473938 -0.1564344701039082 -0.2531163819088762 0.1289691761554276
-0.7345719870701163 -0.02746528852587487 -0.7071068548559563 0.2008742211013066
-0.533697880934083 0.7345720630197142 0.2975559766131912 0.4095507295177097
-0.297555948129757 0.4095507348231795 -0.863541277491948 0.2805815720165104
-0.863541300763916 0.2805815645876151 0.4814556851537616 0.1564344395295946
-0.2805814513356258 -0.04443976750086465 -0.987688373273308 -0.1564344485107944
-0.4095508255536674 0.6104249738705021 0.7345720066149627 -0.02746530193646795
0.4095508332738139 0.2975560244055116 -0.7345720309356568 -0.5336978188273406
-0.2805816229677818 0.04443976076409573 0.7071067355000183 -0.7071068011805495
-0.4095506936767019 0.6104249571337258 -0.578137636319664 0.453990503906439
-0.987688358929647 0.1564344654146625 0.1289690850431931 0.2531162616619065
0.2805816466856675 0.04443974270859115 -0.7071067670208993 -0.7071067613830964
0.533697847983836 0.7345720590970348 0.00000003612698110213931 -0.5062325554531726
-0.2975560185672779 -0.4095507490104723 -0.00000004565804276670611 -0.907981003627628
-0.04443981726910873 0.2805815673779722 0.7071067574898381 -0.7071067976977046
0.453990516044303 0.891006522779726 -0.1289691561442596 -0.2531162729232055
-0.5781375837484985 -0.4539905020629595 0.02746520669652832 -0.734572068530021
0.4539904891395635 0.5781375961907425 0.2008742437293393 -0.7071067790631488
-0.04443971933882748 -0.2805815637297337 -0.1564344871560606 -0.987688337390683
0.4539905706440109 0.5781375858468469 -0.6104249329639978 -0.4095507269712634
-0.4814558219117631 -0.1564344603238748 0.5336977758746057 -0.7345720783872963
-0.1564344849855666 0.987688342580394 0.1289691624505918 0.2531162739220311
-0.863541191689634 -0.2805815679343985 -0.4814558693598058 -0.156434468704961
-0.2531161784954853 -0.1289692006032061 -0.891006559171948 -0.4539904846375777
0.1564344383082121 0.987688344047992 0.2531162819976033 -0.1289691919798149
-0.6104249057983147 -0.4095507550548652 -0.4539905716962015 -0.5781375938090784
-0.2008742889946166 0.707106789596334 0.6901322694733504 -0.253116301151316
-0.1289690795822878 0.2531162674922498 -0.987688361130483 -0.1564344465875604
-0.6104250375982061 0.4095507544451507 0.7071067062301887 -0.2008742446413107
-0.1289691231150702 -0.2531162897524192 -0.4539905291701767 -0.891006516091755
0.2531162467398739 0.6901323106213434 0.409550751055998 -0.6104249707634169
-0.987688322866904 0.1564344608378665 -0.2008743214479543 0.2008742055786088
-0.5336978174610072 0.7345720549642161 -0.2975560927854382 0.4095507422756775
0.128969289289741 0.2531162686628512 -0.891006523591674 -0.4539904790022168
-0.409550816395665 0.2975560427047225 0.7345719999974143 -0.5336978641597081
0.0000000469486641785366 0.907980993297442 -0.4814557866380281 0.1564344734150168
-0.987688349771645 -0.1564344657511158 0.1289690784256448 -0.2531163005613341
-0.2008741305400924 -0.2008742297692473 -0.7071068150511024 -0.7071067689903319
0.02746522254469475 0.7345720660537769 0.5781375773614217 -0.4539905132445044
0.2531163446701563 0.1289691795136382 -0.4539904935899013 -0.891006510456395
0.04443971933882674 0.2805815637297329 0.4539904815800619 -0.891006533771809
0.02746535442166065 0.7345720493170025 -0.7345720655732039 0.02746529259840189
-0.907981038134114 0.000000003146280402877011 0.4095506432653991 -0.2975560588176308
-0.5781375256558335 0.4539904898201752 -0.6901323682774181 0.2531162855022924
-0.89100654988617 0.4539905011626442 0.200874121421213 0.2008741979612568
-0.2531162107595592 0.6901322962645149 -0.7071068132186323 0.2008742276960101
-0.987688370073647 0.1564344668289711 0.2805814509941587 -0.04443977628766477
0.1564344938030659 0.987688337005028 -0.2805815570458499 -0.04443974671211554
-0.86354123713134 -0.2805815621672977 -0.0000000991576145914497 -0.506232576880144
-0.4539905109458109 0.891006524511698 0.04443969878522005 0.280581548876461
-0.907980945485667 -0.00000000861192395174015 -0.5062326597368473 -0.000000004485822630018177
-0.7345721141757688 0.5336978462845358 0.5062324773223009 -0.00000002440579746906139
-0.1564344489228244 0.9876883380036 -0.200874244040556 0.2008742178387348
-0.4095506502209936 0.2975560216151552 -0.907981047188436 0.00000001190881045234817
-0.987688315473939 -0.1564344701039077 -0.2008743258255796 -0.2008742303357214
0.4095507786741054 0.6104249613383904 -0.2008741980326217 -0.7071067712704327
-0.2531162811970809 -0.1289691875691367 0.1564344186152733 -0.987688347948129
0.2805815491834812 0.863541247855814 0.1564344729559218 -0.481455778166294
-0.4095507013968481 -0.2975560411422873 -0.2805816175749669 -0.863541246492245
0.2008742948058397 0.7071067716914485 -0.6901322994688639 -0.253116264774628
-0.7345720977499351 -0.02746527447927277 0.4539904093697399 -0.5781376161906611
-0.7345720215273218 0.5336978345263331 -0.4095508256799455 0.2975560299260114
-0.891006515588465 0.4539904968098515 -0.1289692828300122 0.2531162681868692
0.2008742512730575 0.2008742144467793 -0.1564344675085576 -0.987688334278824
0.1289691865881459 0.2531162816969204 0.1564344541955493 -0.987688342312769
0.2805816064433699 0.863541240588845 -0.4095507346291104 -0.297556023030925
-0.7071067902769396 -0.2008742184597136 0.200874130434563 -0.7071067970072753
-0.1564344961295659 0.987688343994704 0.2805815284015569 -0.04443976402753943
-0.7071067087724918 -0.2008742288036089 -0.6104250462587731 -0.4095507449153896
0.2975561032375022 0.4095507382647996 -0.5336978304104689 -0.7345720435582304
-0.2531163150666899 0.1289691908231731 0.4539904518957655 -0.891006538473339
-0.86354119806232 0.2805815515535453 -0.4814558702485061 0.1564344601724194
-0.7071067825567922 0.7071067798163001 -0.04443983222683603 0.2805815469002586
0.0000000958618573965175 0.5062325506034786 -0.863541259094277 -0.2805815419813747
-0.6901323603797369 0.2531162869620621 0.5781375073414003 -0.4539905243345847
-0.6901322285027711 0.2531162702252867 -0.7345721355932257 0.02746528150832174
-0.7071068117321634 0.7071067835190061 0.2531161992222254 0.1289691681913253
0.1564344726059174 0.9876883396952 -0.04443975595196502 -0.280581557930781
-0.6901322720355529 -0.2531162870193826 -0.2008743036329201 -0.7071067879958735
-0.4539905321429574 0.891006527201871 0.2805814998791052 0.04443973765779541
-0.7345719803898806 0.02746526653599174 -0.707106864212152 -0.2008742156015524
-0.2008741159802097 0.2008742048692176 -0.891006558064742 -0.4539904844622135
-0.4539905590476968 0.5781376006128887 0.6104248997527036 -0.4095507684821468
-0.4814556811614297 0.1564344518167307 -0.863541305710171 -0.2805815493646058
-0.5336978909872304 0.7345720642955794 0.4814557074814631 -0.1564344859521814
-0.4814557080661687 -0.1564344747722518 -0.5336979058365712 -0.7345720555045487
-0.0000000265775593477624 0.907981002628805 0.2975560136288736 -0.4095507548128429
0.04443984007179205 0.2805815484072656 -0.7071067954035981 -0.7071067658784729
0.2531163382974696 0.6901322990015828 -0.4539904944786029 -0.5781375815790144
-0.5062325782323995 0.000000000965637736438652 0.2805814869026347 -0.863541260793581
-0.2975560800067232 0.4095507515599555 0.533697787827631 -0.7345720764941227
0.2008742264019507 0.7071067803727258 0.02746527406713283 -0.734572057859568
-0.280581525952702 -0.04443975803105865 -0.1564345155387594 -0.98768834188606
-0.2805815997370025 0.86354125058885 0.4095506984931783 -0.2975560500704119
-0.5062324755308046 -0.00000001206843197598673 -0.7345721245829305 -0.5336978336596092
-0.4539904766481051 0.891006520158907 -0.2531163391643478 0.128969182925495
-0.987688311722905 0.1564344594235594 -0.2531163916735659 -0.1289691986726173
-0.4539904220483971 0.5781375832260278 -0.7345721159840854 -0.02746527112256203
-0.89100654988617 0.4539905011626433 0.2531161775045109 -0.1289692085298928
0.1564345086210247 0.4814557723549456 -0.2805815677532671 -0.863541238601263
-0.2008742186818042 0.2008742179032871 0.1564344197224792 -0.987688347772765
-0.2805815070885559 0.863541238830647 -0.5062326045090679 0.00000000426139795672853
-0.987688340898277 0.1564344631262641 0.04443963977549403 -0.2805815773815499
-0.2531161943337241 0.1289691755007045 -0.707106825087897 -0.7071067705800037
-0.253116321439377 0.6901323103111167 0.4539904510070634 -0.5781376095959587
-0.02746529472346038 0.7345720610415427 0.2531162537793808 -0.6901323133609307
-0.2805814960216286 0.04443974465309952 -0.4539905493684993 -0.891006519290855
-0.1564344377788242 0.987688336589291 -0.2531163142661674 -0.1289691864124921
-0.2008741408513166 0.7071067707951645 -0.7071068164890526 -0.2008742080429569
-0.863541271588544 0.2805815608849096 0.2975559300183953 -0.4095507680554389
-0.907980974661037 -0.000000004909217699022861 -0.1564345722044897 -0.4814557896859048
-0.04443969032295676 0.2805815512669759 -0.4539905273786798 -0.891006515808011
-0.1564344813116068 0.4814557793446221 0.2805815176941389 -0.863541255916688
-0.1564344669541952 0.987688340291998 0.04443971718289305 -0.2805815651214237
-0.7345720051014885 -0.02746528623747735 -0.4095508375492098 -0.6104249683500013
-0.7071067533814213 0.7071067761135945 -0.2805816434454989 0.044439745806373
-0.891006494391318 0.4539904941196783 -0.280581661538942 -0.04443976326219262
0.00000001435741150968006 0.5062325609473746 -0.00000002631764089988664 -0.90798100056441
-0.1289691541993643 0.253116276962055 -0.1564345033959353 -0.987688339962826
-0.1564343786100116 0.4814557663105522 -0.7345720937914255 -0.5336978287827135
0.00000003689551686392178 0.907980994573306 -0.2975560557697547 -0.4095507420548751
-0.7071067969142026 0.2008742188689251 0.2531161885148074 -0.690132323697822
-0.02746521005323665 0.734572050295872 -0.5781376167131327 -0.4539904893842993
-0.5781376283574282 0.4539905028542447 0.4095506655931015 -0.6104249842994075
-0.7345720438629569 0.02746527459148967 -0.0274653724285703 -0.7345720710272467
-0.6104248876898705 0.4095507354199771 -0.6901323819721366 -0.2531162778418602
-0.7071068005881632 0.7071067821046988 0.2008741289966141 -0.2008742360599012
0.02746531519314169 0.7345720542955732 -0.2531163032558715 -0.690132301580423
-0.4814557626658769 0.1564344621606266 -0.00000007293353671000702 -0.907981007947642
-0.7071067122439789 0.2008742081232537 -0.5781376819777055 -0.45399049972119
-0.4539905109458108 0.891006524511698 0.1289691211701734 -0.253116293791266
-0.5336977882856355 0.7345720512615094 -0.4814558479208041 -0.156434465309357
-0.891006515588465 0.4539904968098514 -0.04443986044505765 -0.2805815744808577
-0.4539904766481056 0.891006520158906 -0.20087428308105 -0.2008742235656543
-0.86354120811547 0.280581552829412 -0.2975561393802336 -0.4095507552974722
-0.4095507571497778 0.6104249651892232 0.2008741511892727 -0.7071067937200533
-0.2975559661611285 0.4095507371115772 -0.5336978938835466 -0.7345720536113761
-0.4095506756453313 0.6104249548453272 -0.6104250255040648 -0.4095507416281677
-0.7345720687340643 0.5336978405174364 0.1564343691471206 -0.4814557946079904
-0.200874204324393 0.7071067788506626 -0.02746532470546942 -0.7345720634686516
-0.4095507025500702 0.2975560282563451 -0.2805816256304656 -0.863541247768111
-0.7345720114741754 0.5336978332504666 -0.4095508384379116 -0.2975560394726209
-0.707106764525422 0.7071067775279028 -0.1289692774945335 -0.2531162921431972
-0.2805815362639261 0.863541242533353 -0.1564345169767094 -0.4814557809386847
-0.6901322677312907 0.2531162752038582 -0.2531163732758932 -0.6901323126705018
-0.2531162287909303 0.6901322985529132 -0.4095507959118867 -0.6104249617552987
-0.6104249560937602 0.4095507441012533 0.02746519156386021 -0.7345720709268001
-0.5336978337273414 0.7345720570286096 -0.00000007771861479377584 -0.506232573484541
-0.5781375367998338 0.4539904912344831 -0.4539905799414996 -0.5781375951150052
-0.4539904674901022 0.5781375889931266 -0.2008742896985979 -0.7071067857888936