4OFF
# Vertices for 4{4}3 , 4D real representation
96

# Vertices.  Each line is the XYZW coordinates of one vertex.
1.366025394210145 1.366025416928199 -0.866025402542288 0.4999999923994927
1.866025394643469 0.5000000059289981 -0.5000000255450823 0.866025405308912
1.366025413735666 1.366025392876769 0.4999999985819923 0.866025406111764
1.866025394643469 0.5000000059290002 -0.866025419401688 -0.5000000011356786
0.866025379244176 0.5000000291619598 -1.366025417564066 1.366025394888692
0.5000000038308733 1.866025406735004 0.00000002042886994291226 0.999999992578733
1.866025417189597 0.4999999781567995 0.866025380899508 0.5000000114523083
0.999999984600703 0.00000001470456656438301 -0.5000000289609642 1.866025404276829
1.866025397526107 -0.5000000028744359 -0.00000004548753364946867 1.000000010240977
0.4999999925578064 1.866025420621103 -0.999999972303451 -0.00000001468894046674496
1.36602540548321 1.366025403042103 -0.499999988830018 -0.866025408724791
1.866025386253042 -0.4999999889883341 -1.000000038219854 0.000000002973301604924927
0.4999999728943168 0.866025439589868 -1.866025398690489 0.4999999840997262
0.5000000036929024 0.866025401652339 0.4999999951661136 1.866025405079676
1.366025425008731 1.366025378990672 0.866025412294265 -0.4999999950125186
-0.00000001113509551231573 1.000000018968761 -0.4999999945929078 1.866025395067938
1.866025417189598 0.4999999781568028 0.4999999870429025 -0.866025394992283
0.999999973327641 0.0000000285906680795589 -1.866025415549893 -0.500000009435444
0.866025370853753 -0.4999999657553746 -1.866025430238837 0.4999999925530773
0.5000000233563941 1.866025382683577 1.000000027696547 -0.0000000001535849225575703
0.866025421315829 0.4999999773383305 1.366025390004807 1.366025414744358
0.866025401652338 -0.5000000036929033 0.4999999636177668 1.866025413533027
-0.5000000033159635 1.866025419802634 -0.4999999631981522 0.866025388603109
0.5000000120833271 1.866025396569677 0.00000003496422620874462 -1.000000007421261
1.866025417051628 -0.5000000269258619 0.999999961780144 0.00000001750865585847805
-0.5000000229794535 0.866025438771396 -1.366025389585193 1.366025387391778
1.866025405778563 -0.5000000130397613 -0.00000003095217493420677 -0.99999998975902
0.4999999696347379 -0.866025373061675 -1.36602543783935 1.366025400321435
1.366025382560141 -1.366025390640675 -0.866025454365918 0.500000006285584
0.866025390517244 0.5000000152758652 -1.3660253977084 -1.366025412680183
-0.00000002240816084769781 1.000000032854863 -1.866025381181834 -0.5000000186443346
1.366025402085661 -1.366025414692104 0.4999999467583644 0.866025419997857
-0.5000000033159642 1.866025419802637 -0.866025357054757 -0.5000000178414854
-0.4999999807698337 1.866025392030438 0.866025443246438 0.4999999947465035
1.000000026672355 -0.00000003711905969747131 1.866025384751303 0.5000000176879
-0.00000001966348894821834 -0.999999981031235 -0.5000000325304361 1.866025405233264
0.5000000036929015 0.866025401652345 -0.4999999777105428 -1.866025409756876
1.366025393833207 -1.366025404526771 -0.5000000406536465 -0.866025394838699
-0.866025432450923 0.5000000416304285 -1.866025384597717 0.4999999803235786
0.00000003093655411843038 0.999999967145138 1.866025419119358 0.5000000084790083
0.5000000344914892 0.866025363714815 1.866025416146057 -0.4999999887769268
-0.499999980907803 0.866025386947775 1.366025417983679 1.366025407247442
-0.866025401652336 0.5000000036929004 0.500000009258887 1.866025401303529
0.5000000117063861 -0.866025424885297 1.366025369729523 1.366025420177099
-0.4999999807698337 1.86602539203044 0.5000000493898357 -0.866025411698088
0.866025432588893 0.4999999634522376 1.366025409860472 -1.366025392824517
-1.000000015399288 0.00000002323295915374057 -0.4999999981623806 1.866025396024373
1.366025413358726 -1.366025428578199 0.866025360470636 -0.4999999811264263
1.00000001539929 -0.00000002323295550388238 0.4999999981623785 -1.866025396024369
-1.366025413358726 1.3660254285782 -0.866025360470639 0.4999999811264281
-0.866025432588891 -0.4999999634522347 -1.366025409860476 1.36602539282452
0.499999980769833 -1.866025392030434 -0.5000000493898363 0.866025411698092
0.866025401652338 -0.5000000036928967 -0.5000000092588874 -1.866025401303524
-0.5000000117063901 0.866025424885305 -1.366025369729525 -1.366025420177099
-0.5000000344914875 -0.866025363714812 -1.866025416146064 0.499999988776929
0.4999999809078029 -0.866025386947767 -1.366025417983682 -1.366025407247442
-0.00000003093655441943426 -0.999999967145136 -1.866025419119363 -0.5000000084790087
0.866025432450924 -0.5000000416304267 1.866025384597713 -0.4999999803235773
-1.366025393833205 1.366025404526771 0.5000000406536432 0.866025394838701
-0.5000000036929013 -0.866025401652339 0.4999999777105403 1.866025409756877
0.00000001966349083559749 0.999999981031239 0.5000000325304361 -1.866025405233257
0.4999999807698337 -1.866025392030433 -0.86602544324644 -0.4999999947465016
-1.000000026672355 0.00000003711905885786515 -1.866025384751306 -0.5000000176878993
0.5000000033159619 -1.866025419802631 0.866025357054755 0.5000000178414861
-1.366025402085664 1.366025414692106 -0.4999999467583663 -0.866025419997852
-0.866025390517241 -0.5000000152758597 1.366025397708397 1.366025412680183
-0.4999999696347375 0.866025373061678 1.366025437839347 -1.366025400321429
0.00000002240815882847969 -1.00000003285486 1.866025381181833 0.5000000186443364
-1.366025382560142 1.366025390640678 0.866025454365914 -0.5000000062855837
-1.866025405778565 0.500000013039765 0.0000000309521719366046 0.999999989759023
0.5000000229794538 -0.866025438771395 1.366025389585191 -1.366025387391775
-0.5000000120833251 -1.86602539656967 -0.00000003496422712467862 1.000000007421264
0.5000000033159636 -1.866025419802631 0.4999999631981502 -0.866025388603106
-0.866025401652338 0.5000000036929057 -0.499999963617765 -1.866025413533023
-1.866025417051631 0.500000026925864 -0.999999961780148 -0.00000001750865552541114
-0.5000000233563911 -1.866025382683571 -1.00000002769655 0.0000000001535860327805949
-0.866025421315829 -0.4999999773383283 -1.366025390004805 -1.366025414744358
-0.99999997332764 -0.00000002859066277130506 1.866025415549885 0.5000000094354458
-0.866025370853752 0.4999999657553803 1.866025430238837 -0.4999999925530744
0.00000001113509517924882 -1.000000018968757 0.4999999945929078 -1.866025395067933
-1.866025417189599 -0.4999999781568012 -0.499999987042905 0.866025394992285
-1.366025425008727 -1.36602537899067 -0.866025412294267 0.4999999950125206
-0.5000000036929033 -0.866025401652334 -0.4999999951661104 -1.866025405079674
-0.4999999728943171 -0.866025439589862 1.866025398690488 -0.4999999840997238
-1.866025386253043 0.4999999889883366 1.000000038219848 -0.000000002973297164032829
-0.4999999925578068 -1.866025420621099 0.999999972303449 0.000000014688944519059
-1.36602540548321 -1.366025403042102 0.4999999888300159 0.866025408724794
-0.999999984600706 -0.00000001470456247043561 0.5000000289609645 -1.866025404276824
-1.86602539752611 0.5000000028744354 0.00000004548752885816243 -1.000000010240975
-1.866025417189597 -0.4999999781568 -0.86602538089951 -0.5000000114523068
-0.5000000038308715 -1.866025406735002 -0.00000002042887184416919 -0.999999992578734
-0.866025379244175 -0.500000029161953 1.366025417564066 -1.366025394888688
-1.866025394643468 -0.5000000059289976 0.866025419401685 0.5000000011356796
-1.366025413735666 -1.366025392876769 -0.4999999985819946 -0.866025406111762
-1.866025394643467 -0.500000005928995 0.5000000255450833 -0.866025405308909
-1.366025394210145 -1.366025416928197 0.866025402542287 -0.4999999923994879