4OFF
# Vertices for 3{3}2 , 4D real representation
24

# Vertices.  Each line is the XYZW coordinates of one vertex.
0.4799548298193571 0.5246434974871098 0.5121930926019461 -0.7071067742565756
0.0965612353928694 0.7342617257689553 0.848224521174271 0.00000001147647593624512
0.403506696851741 0.686217573389187 -0.3663836418131664 -0.7071067861437172
0.87238206562459 -0.02229736871240864 -0.080009685821588 -0.7071067822690779
-0.06118901746464172 0.03517076054968412 0.997506358734831 -0.5176380767087831
0.3587132272024044 0.7119643570523946 0.3638416693924306 0.7071067861093239
-0.4524798209575435 0.6990909652151195 -0.5536549703792247 -0.5176380976959911
-0.5136688384221846 0.7342617257648037 0.4438513673446825 0.5176380962103489
0.2025437225068476 0.6733441815560636 -0.879507160896821 -0.00000001189972995141453
0.986261761804981 -0.5375168893088898 0.07945138979370042 0.000000001074976802017957
-0.5411438472839985 -0.4894727369374253 0.4853132782635484 -0.7071067746202591
-0.855986517809285 0.01287339182593254 -0.1872713164353951 -0.707106783720328
0.855986517809285 -0.01287339182593212 0.1872713164353943 0.7071067837203277
0.5411438472839988 0.4894727369374249 -0.485313278263548 0.7071067746202594
-0.986261761804981 0.5375168893088897 -0.07945138979370042 -0.000000001074977273862743
-0.2025437225068471 -0.6733441815560628 0.879507160896821 0.00000001189972942405859
0.513668838422185 -0.7342617257648032 -0.443851367344682 -0.5176380962103496
-0.3587132272024044 -0.711964357052395 -0.3638416693924301 -0.707106786109324
0.4524798209575426 -0.6990909652151189 0.5536549703792247 0.5176380976959916
-0.872382065624589 0.02229736871240882 0.0800096858215877 0.7071067822690781
0.06118901746464156 -0.03517076054968461 -0.997506358734831 0.5176380767087822
-0.4035066968517415 -0.6862175733891862 0.3663836418131662 0.7071067861437168
-0.0965612353928688 -0.7342617257689552 -0.84822452117427 -0.00000001147647527011131
-0.4799548298193573 -0.524643497487109 -0.5121930926019459 0.7071067742565758