4OFF
# Vertices for 3{5/2}3 , 4D real representation
120

# Vertices.  Each line is the XYZW coordinates of one vertex.
0.925614779833604 0.3784669687165726 0.3019707706742362 0.2339053662334324
0.6236441253623849 0.6123724478644109 0.5720613391310097 -0.2339056391357077
0.5720613422766191 0.2339054907823969 0.842152265303625 0.2339051898714591
0.4370160072538464 0.756933976398477 0.4885988789508936 0.3784668202309654
0.874032006707564 0.000000003900433670489534 0.5720613958278882 -0.2339056314082872
0.5720613683515189 0.2339054705341912 0.4370162984717755 0.7569338216213538
0.842152109641422 -0.233905451709078 0.4885989706883696 0.3784668327341942
0.6555240646186007 0.846277870711636 -0.0000000001284547190838481 -0.00000000001750777300912887
0.925614805908504 0.3784669484683667 0.05158267208813905 -0.3784669889046668
1.060660167006177 -0.144561557395919 0.0000000916090211605658 0.00000001248572081835597
0.6236441675524588 0.6123724151021239 -0.0834624252679733 0.6123724641249733
0.925614831983404 0.3784669282201607 -0.3535532947437106 0.1445616428452274
0.874032048897637 -0.00000002886185249129092 -0.0834623685710947 0.6123724718523937
0.3535533271019384 0.1445615637069531 0.925614690492208 -0.3784672742643347
0.0834625858120354 0.6123724859502216 0.874032018275614 -0.0000002853771756336498
0.05158268874589323 0.3784670303407107 0.790569593136096 0.6123721787653058
0.1350453850129752 0.990839430518155 0.3535532945358658 -0.1445616428735551
0.4885986881996106 -0.3784669421573327 0.874032110013091 -0.0000002728739469382013
0.5720613844666925 0.2339054580201121 0.4370158114128602 -0.7569340945128078
0.4370160494439198 0.7569339436361916 0.0834624250601288 -0.6123724641533014
0.3019705700910719 -0.2339054136232662 0.7905696498329742 0.6123721864927258
0.1350454110878748 0.990839410269949 -0.05158267229598362 0.3784669888763388
0.0834626280021092 0.6123724531879358 0.2185082538766315 0.846277817883506
0.842152151831495 -0.2339054844713633 0.0834625167976048 -0.6123724516500726
0.7905693687457291 -0.6123724415533762 0.3535534429702202 -0.1445616226429065
-0.0000000843801473277006 0.00000006552457143538248 1.060660218289748 0.144561181123586
0.0834626118869346 0.6123724657020161 0.6236439196895177 -0.6123726405152756
0.4885987303896846 -0.3784669749196187 0.2185083456141078 0.846277830386734
0.6236442097425322 0.6123723823398386 -0.4885988791587379 -0.3784668202592934
0.3535533953669118 0.1445615106964603 -0.1350450407386237 0.99083946074624
0.4370160916339934 0.7569339108739052 -0.5720613393388535 0.2339056391073795
0.874032091087711 -0.00000006162413812571543 -0.4885988224618592 -0.3784668125318726
0.7905693948206288 -0.6123724618015824 -0.05158252386162926 0.3784670091069879
-0.2185080264691108 0.846277932335775 0.4885988223334052 0.3784668125143658
0.4885987142745104 -0.3784669624055389 0.6236440114269941 -0.612372628012047
0.572061452731666 0.2339054050096196 -0.6236439198179717 0.6123726404977676
0.842152194021569 -0.2339055172336493 -0.5720612476013779 0.2339056516106083
0.1350454371627743 0.990839390021743 -0.3019707708820808 -0.2339053662617607
-0.0000000421900733238445 0.00000003276228571769124 0.4051364538907647 0.990839284384267
0.572061436616492 0.2339054175237001 -0.2185082540050865 -0.846277817901014
0.4370159572636438 -0.7569339397357577 0.4885989707677588 0.3784668327450138
0.0834626801519083 0.6123724126915238 -0.4370158115413149 0.7569340944952999
0.790569420895528 -0.6123724820497886 -0.3019706224477263 -0.2339053460311117
-0.3019707066210185 0.2339055196442501 0.92561463387472 -0.3784672819809349
0.4885987825394841 -0.3784670154160314 -0.4370157198038398 0.7569341069985293
0.5720614788065651 0.2339053847614133 -0.874032018404069 0.0000002853596678953352
-0.4370160416437913 0.75693400526033 0.5720612475219886 -0.2339056516214285
-0.4885988247295566 0.3784670481783162 0.842152173694604 0.2339051773857379
-0.00000004219007361527805 0.00000003276228607851372 0.6555237643989829 -0.846278103260681
-0.05158282527583923 -0.3784669243197269 0.925614690571598 -0.3784672742535145
-0.3535534636318842 -0.1445614576859691 0.7905695932154856 0.6123721787761261
-0.2185079842790367 0.846277899573489 0.08346236844264 -0.6123724718699012
0.05158275701086618 0.3784669773302196 0.1350450406592341 -0.990839460757061
-0.0834627223419815 -0.612372379929238 0.84215226543208 0.2339051898889664
-0.4051361023875749 0.990839428107555 -0.0000000917374760600609 -0.00000001250322873014298
-0.4885987986546569 0.3784670279301104 0.4370162068627538 0.7569338091356316
0.2185079420889632 -0.846277866811203 0.5720613959563429 -0.2339056313907797
0.301970638356045 -0.2339054666337572 0.1350450973561123 -0.990839453029641
-0.4370159994537171 0.7569339724980434 -0.0834625168769943 0.6123724516392524
0.0834626962670824 0.6123724001774448 -0.4370162986002303 -0.7569338216388608
-0.0834626962670817 -0.6123724001774447 0.4370162986002303 0.7569338216388605
0.4370159994537176 -0.7569339724980436 0.0834625168769945 -0.6123724516392526
-0.3019706383560447 0.2339054666337577 -0.1350450973561126 0.990839453029641
-0.2185079420889627 0.846277866811202 -0.5720613959563425 0.2339056313907796
0.4885987986546572 -0.3784670279301103 -0.4370162068627538 -0.7569338091356316
0.4051361023875755 -0.990839428107555 0.0000000917374763376166 0.00000001250322856360953
0.0834627223419817 0.6123723799292388 -0.84215226543208 -0.2339051898889667
-0.05158275701086568 -0.378466977330219 -0.1350450406592342 0.99083946075706
0.3535534636318844 0.1445614576859695 -0.7905695932154851 -0.6123721787761257
0.2185079842790369 -0.846277899573488 -0.0834623684426396 0.6123724718699007
0.00000004219007426753407 -0.0000000327622861062693 -0.6555237643989823 0.846278103260681
0.05158282527583963 0.3784669243197271 -0.925614690571598 0.3784672742535146
0.4885988247295571 -0.3784670481783165 -0.842152173694603 -0.2339051773857378
0.4370160416437912 -0.7569340052603294 -0.5720612475219882 0.2339056516214289
-0.4885987825394826 0.3784670154160312 0.4370157198038386 -0.756934106998528
-0.5720614788065647 -0.2339053847614134 0.874032018404069 -0.0000002853596681728909
0.3019707066210186 -0.2339055196442496 -0.92561463387472 0.378467281980935
-0.7905694208955273 0.6123724820497882 0.3019706224477261 0.2339053460311116
-0.0834626801519084 -0.6123724126915232 0.4370158115413148 -0.7569340944952993
-0.4370159572636435 0.7569339397357577 -0.4885989707677586 -0.3784668327450142
-0.5720614366164909 -0.2339054175236991 0.2185082540050863 0.846277817901012
0.00000004219007371242256 -0.00000003276228538462433 -0.4051364538907645 -0.990839284384266
-0.1350454371627743 -0.990839390021742 0.3019707708820805 0.2339053662617607
-0.842152194021568 0.2339055172336491 0.572061247601377 -0.2339056516106084
-0.572061452731666 -0.2339054050096197 0.6236439198179725 -0.6123726404977679
-0.4885987142745092 0.3784669624055387 -0.6236440114269927 0.612372628012046
0.21850802646911 -0.846277932335773 -0.4885988223334043 -0.378466812514365
-0.7905693948206286 0.6123724618015825 0.05158252386162953 -0.3784670091069878
-0.874032091087711 0.00000006162413807020428 0.4885988224618593 0.3784668125318724
-0.3535533953669116 -0.1445615106964606 0.1350450407386235 -0.99083946074624
-0.4370160916339932 -0.7569339108739047 0.5720613393388531 -0.2339056391073794
-0.6236442097425318 -0.6123723823398386 0.4885988791587376 0.3784668202592933
-0.4885987303896842 0.3784669749196186 -0.2185083456141079 -0.846277830386734
0.0000000843801477162787 -0.00000006552457154640479 -1.060660218289746 -0.1445611811235851
-0.0834626118869345 -0.6123724657020158 -0.6236439196895165 0.6123726405152751
-0.842152151831495 0.2339054844713634 -0.0834625167976049 0.6123724516500727
-0.7905693687457291 0.6123724415533761 -0.3535534429702202 0.1445616226429064
-0.0834626280021092 -0.6123724531879356 -0.2185082538766314 -0.846277817883505
-0.1350454110878748 -0.990839410269949 0.05158267229598366 -0.3784669888763387
-0.3019705700910721 0.2339054136232658 -0.7905696498329736 -0.612372186492725
-0.4370160494439196 -0.7569339436361914 -0.0834624250601288 0.6123724641533016
-0.5720613844666923 -0.2339054580201119 -0.4370158114128596 0.7569340945128069
-0.4885986881996104 0.3784669421573329 -0.87403211001309 0.0000002728739468826902
-0.1350453850129751 -0.990839430518155 -0.3535532945358655 0.144561642873555
-0.05158268874589293 -0.3784670303407105 -0.790569593136096 -0.6123721787653054
-0.0834625858120353 -0.6123724859502219 -0.874032018275613 0.0000002853771757030388
-0.3535533271019382 -0.1445615637069533 -0.925614690492208 0.3784672742643349
-0.874032048897637 0.00000002886185282435783 0.0834623685710951 -0.6123724718523937
-0.925614831983403 -0.3784669282201602 0.3535532947437102 -0.1445616428452272
-1.060660167006175 0.1445615573959191 -0.0000000916090213964882 -0.00000001248572098488943
-0.6236441675524582 -0.6123724151021237 0.083462425267973 -0.612372464124973
-0.6555240646185996 -0.846277870711635 0.0000000001284546358171212 0.00000000001750738443107025
-0.842152109641421 0.2339054517090779 -0.488598970688369 -0.3784668327341935
-0.925614805908503 -0.3784669484683666 -0.05158267208813927 0.378466988904667
-0.5720613683515187 -0.2339054705341908 -0.437016298471775 -0.7569338216213524
-0.874032006707563 -0.00000000390043334436152 -0.5720613958278873 0.2339056314082869
-0.4370160072538461 -0.756933976398476 -0.4885988789508929 -0.3784668202309647
-0.6236441253623843 -0.61237244786441 -0.572061339131009 0.2339056391357076
-0.572061342276619 -0.2339054907823973 -0.842152265303625 -0.2339051898714588
-0.925614779833604 -0.3784669687165727 -0.3019707706742364 -0.2339053662334328