4OFF
# Vertices for 5{4}3 , 4D real representation
600

# Vertices.  Each line is the XYZW coordinates of one vertex.
0.0000001213238768060787 -1.989043909840704 2.391692956233502 0.2513770992930935
-0.4135453342305331 -1.945578536355936 2.391692981140413 -0.2513770426894623
-0.978147502339706 -2.196955580482463 1.891692987247148 0.6146483557888224
-0.1045283221865385 -0.994522044973572 2.956295156127486 0.00000002809631372002741
-1.413545355169771 -1.945578520179904 1.978147565213973 0.2079117099899928
0.104528598490537 -0.994522036987525 2.891692998706704 0.6146483624762991
-1.47814750261208 -1.330930186743666 2.08267605451289 1.202433602622268
-0.913545326580655 -0.4067367919020151 2.89169307446517 0.6146483545137665
-0.80901687349178 -0.5877853876508185 2.700710050345181 1.202433606755358
-1.722562344816833 -0.9945220188002 2.287164617266791 0.7431448405822161
0.4135455715758512 -1.94557851997381 2.287164472523074 0.743144855795388
-0.809016874268388 -1.817082044910793 2.287164546155255 -0.7431448016656085
-0.4999999099849256 -2.352315139755431 1.722562348387556 0.994521919029635
-0.3090168536015196 -0.951056667348034 2.891693029347437 -0.6146483075116164
0.3090171178297144 -0.951056643738919 2.700709981359928 1.202433614005994
-1.787164493035749 -1.609170342623936 1.978147602375783 -0.2079116752064732
-1.169130521604513 -1.609170319014824 1.787164554388274 1.60917024631114
-0.978147465221111 -0.2079118466074241 2.956295235348156 0.00000001976988883711783
-0.6691305009376457 -0.7431449414520621 2.391693037580456 1.73766674046513
-1.891692946781888 -0.6146484663890467 2.391693111212638 0.2513770830041345
0.809017095938145 -1.817082012862516 2.082675926330587 1.202433616094764
-1.169130494807038 -1.609170348776003 2.082676045469958 -1.202433566804566
0.00000007770196017164999 -2.4048672397607 1.478147469132207 1.330930102163216
-0.4999998656867394 -0.866025549683156 2.700710041302248 -1.202433562671477
0.5000001062910818 -0.866025511482812 2.391692978383406 1.737666746686989
-2.082675966789359 -1.202433699439296 1.891693097108434 -0.6146483225255088
0.500000105352114 -2.352315149709685 1.891692922105041 -0.6146483041319155
-0.809016926692155 -1.817081986689141 1.413545387469891 1.945578428580667
-0.999999865959114 -0.0000001559443578713626 2.89169310856799 -0.6146483158380303
-0.4999999146481557 -0.866025495306778 1.978147562456962 2.196955499366443
-1.978147489622697 -0.2079118265861201 2.391693139581635 -0.2513770593423018
0.0000000998659023254689 -2.404867264375901 1.722562338768253 -0.994521869046014
0.978147706967741 -2.19695557534072 1.978147447396081 -0.207911658917458
-1.478147539250703 -2.560226804175406 0.978147537192244 0.2079117050432661
0.913545594562777 -0.4067367854741444 2.956295139565312 0.00000002983706463843827
-0.913545398256618 -2.8116038657641 0.913545354274208 0.4067366608125162
0.809017132576771 -0.5877853954307746 2.891692996947508 -0.6146483041062499
-1.978147539840692 -2.19695554591301 0.99999997906234 0.00000001009257172279732
0.978147730388268 -0.2079118262526544 2.891692998706135 0.6146483624763559
1.41354556011542 -1.945578500166887 1.978147437031314 0.2079117234625286
-0.4999999099849233 -2.35231513975543 1.478147515456117 -1.330930056037407
-2.28716452917014 -0.7431449090569061 1.478147656510803 1.330930082468935
-0.809016881813657 0.587785116934123 2.700710109541474 1.202433600533578
-0.3090169396815361 -2.940100346846689 0.809016855697421 0.5877852727652214
0.6691307398022417 -0.7431449630998268 2.700709994480587 -1.202433557750322
-2.082676010148578 -1.202433651284698 1.169130627540668 1.609170234927468
-0.6691304834369367 0.7431446783813918 2.89169312128591 0.6146483495927071
0.5000000619928974 -2.352315101555084 1.169130452537274 1.609170253321058
-0.669130484375896 -0.7431449598454812 2.391693065007544 -1.737666701226198
1.169130691113199 -1.609170302462239 1.787164448369564 1.609170257454146
-1.478147502612076 -1.330930186743665 1.787164607809165 -1.609170215157749
-0.913545360361416 0.4067365253709144 2.391693106565143 1.73766673321455
-2.391692983233893 -0.251377168298414 1.722562539952012 0.994521898895403
-0.4135454099894233 -1.945578452218378 0.978147504175749 2.196955497600118
-2.391693000734604 -1.737666788131865 0.978147623315122 -0.2079116852992126
1.000000116722227 -0.0000001225522897607689 2.700709997920991 1.202433612265357
-0.978147474022957 0.2079115415342199 2.700710117060362 -1.202433570633974
0.6691306908408261 -0.74314490872344 1.978147515635306 2.196955504287593
-2.287164507006191 -0.7431449336721091 1.722562526146849 -0.994521888740295
-1.787164555695236 -1.609170273034524 0.809016980035823 1.817081926464178
-0.3090169328227608 -0.951056579365198 1.478147546648951 2.560226760783323
-1.978147494962196 0.2079115577102563 2.287164701133922 -0.7431448179545193
-0.4999998720897193 0.866025251379582 2.95629526774705 0.00000001636462776399839
-0.3090169340793405 -2.940100353068469 0.809016864974941 -0.5877852318197214
1.478147717398885 -1.330930186410205 2.287164466933663 -0.7431447933390887
0.3090170585471721 -2.940100352998755 0.913545298791597 -0.4067366188328698
1.169130717910673 -1.609170332223422 2.082675939451246 -1.202433555661558
-0.978147522984376 0.2079115959106028 1.978147638215077 2.196955491403946
-2.391692977314079 0.2513769609562047 1.891693174625178 0.6146483360946016
0.3090170419854256 -2.940100334605335 0.6691304384330705 0.7431448477914157
-0.913545403858816 -2.811603859542322 0.6691305120652492 -0.7431448096695744
1.787164689341906 -1.609170308614306 1.891692891463739 0.6146483658560527
1.722562568697073 -0.994522004939252 2.391692932178309 -0.2513770375433432
-0.978147524503653 -2.19695555586726 1.169130552779823 -1.609170213068979
0.5000001228528315 -0.866025529876236 2.391693005810489 -1.737666695004339
0.913545522886808 -2.811603859336227 0.978147419374353 -0.2079116638641821
0.809017095938138 -1.817082012862516 1.787164479626861 -1.609170201685249
-2.391693027532078 -1.737666758370686 0.5000000141058811 0.866025405529475
0.5000001220520486 0.866025264964726 2.891693074464252 0.6146483545138586
-1.97814757570271 -2.196955506084776 0.3090169659316178 0.951056520934535
0.6691307351390098 0.7431446813488302 2.956295208549998 0.00000002258648368336225
-1.413545434391009 -1.945578432197071 0.4135454084092278 1.945578418487926
0.978147699422475 0.2079115865041974 2.3916930107823 1.737666743281725
-0.309016867066603 0.951056365242267 2.891693125129054 -0.6146483175786685
-2.700710000880082 -1.202433653458997 0.913545522755982 -0.4067366423724716
-1.478147555812454 -2.560226785781988 0.499999944933875 -0.866025393332433
1.891693169970918 -0.614648439606402 2.39169293967076 0.2513771010339022
0.3090171043646328 0.951056388851381 2.700710077141543 1.202433603938943
-2.700710017441836 -1.202433635065573 0.6691306623974551 0.7431448242518205
-1.478147582609924 -2.560226756020807 0.1045283935182226 0.994521902699239
0.809017124254891 0.587785109154169 2.891693056143803 -0.6146483103280311
-1.891692989364499 0.6146482390255298 1.787164699131073 1.609170231098061
-0.999999945180351 -0.0000000679615264620459 1.478147625869503 2.560226752456908
-2.287164511669428 0.7431447107765463 1.978147740216257 0.2079116915965142
0.978147644308253 -2.196955505751308 0.80901682505612 1.817081942753193
-0.809016890053524 -0.5877853692574037 1.978147625155373 -2.196955466687388
-1.722562370357727 0.994521784664252 2.082676182693868 1.202433589149905
-1.978147547385964 0.2079116159319125 1.413545542448557 1.945578412291756
1.478147664975119 -1.330930128188546 1.413545308248306 1.945578436907185
-1.722562371614299 -0.994521989039019 1.413545501019856 -1.945578403453142
1.478147664198508 -2.560226785448524 0.999999804058379 0.00000002848622271400814
0.4135455447783779 -1.94557849021263 1.41354535627614 -1.945578388239967
0.00000002554089295614403 -1.989043803464451 0.4999998812766485 2.352315069212328
-0.913545343799663 0.4067365069774897 2.391693133992229 -1.73766670847678
0.913545496089336 -2.811603829575047 0.4999998101651136 0.866025426964504
0.3090171012679699 -0.951056625345503 1.978147556170122 -2.196955459436748
0.1045285563878984 0.994521784870346 2.39169309000297 1.737666734955303
-2.891693020144888 -0.6146483919913583 0.809017089897107 0.5877852481498468
2.0826761458765 -1.202433652919435 1.722562289189588 0.994521925251585
-1.413545398528991 -1.9455784720253 0.809016974836228 -1.817081910134052
0.80901705335553 -0.5877853074479386 1.478147514249022 2.560226764188688
-2.391692983233888 -0.2513771682984122 1.478147707020575 -1.330930076171635
-0.1045284282052457 -0.99452192722956 0.913545390113503 2.811603827422937
-1.891692962567026 0.6146482092643506 2.082676190212759 -1.202433582017644
-1.978147565381585 -0.2079117424485573 0.97814766261697 2.196955480947278
-1.478147509994993 1.33092995606815 2.287164723283825 0.7431448294393776
-0.913545447218036 -2.811603811387719 -0.1045285712748023 0.99452190507042
-1.978147566638166 -2.196955516151827 0.3090169809429609 -0.951056511655768
0.913545582945961 0.4067365071835834 2.700710041301331 -1.202433562671385
1.97814770236609 -0.2079117880523072 2.287164489083567 0.743144854054805
-0.978147594660342 -2.196955477951483 -0.000000081975884080876 1.989043797702696
-0.1045283421252318 0.994521752269094 2.700710117059797 -1.202433570633917
0.913545533984542 0.4067365615599694 1.978147562456048 2.196955499366537
-2.891693014542694 -0.614648398213137 0.809017099174626 -0.587785256435091
1.978147659645296 -2.196955515705567 0.978147398773605 0.2079117195916451
0.00000006890011594595791 -1.989043851619056 0.978147517912971 -2.196955463307689
-1.891693042564872 -0.6146483600127932 0.5000000362557816 2.352315052923371
-0.978147571239819 -0.2079117288634111 0.913545469334172 2.81160381909651
-0.1045283910866497 0.994521806645479 1.978147638214511 2.196955491404005
-2.082675981831829 1.202433470731985 1.978147757353883 -0.2079116914953265
-2.956295161984999 -0.00000006477690067674402 0.913545588473546 0.406736636197179
-1.16913051050678 1.609170101881366 2.391693190432271 0.2513770746778137
-0.3090169921053007 -2.940100288625035 -0.3090171359193812 0.951056527944454
0.978147715984222 0.2079115681107715 2.391693038209386 -1.737666698409601
1.978147687962044 0.2079116063111232 2.082675975290548 1.202433610948861
-2.39169303659662 -1.737666748303632 0.1045284920568472 -0.994521896744267
1.478147628336494 -2.56022674562029 0.3090167909276598 0.951056539328182
0.1045285495291242 -0.994521982611148 1.478147566119997 -2.560226728129839
1.413545480894186 -1.94557841218405 0.4135452802265775 1.945578431960458
2.287164661047356 -0.7431448766751593 1.478147449106914 1.330930104267949
-1.787164555695235 -1.609170273034522 0.4135454729981297 -1.945578408399865
-0.913545375542065 -0.4067367375256401 1.478147641878462 -2.560226736092372
1.722562492938181 -0.994521920801685 0.978147455213647 2.196955502746235
-1.89169299920565 -0.6146484081673911 0.978147672892112 -2.196955479596645
-1.722562456437737 -0.994521894834406 0.00000000904385077937775 2.404867169426742
-0.809016897598798 1.817081792587519 2.391693188541594 -0.2513770644882047
0.4135454599549466 -1.945578396008015 -0.0000001356998664547859 2.404867184639912
-0.5000000113701072 -2.352315027157396 -0.4135455687782574 1.945578418466772
0.1045285729496476 0.99452176647692 2.391693117430058 -1.737666706736027
-0.809016898375403 0.5877851353275387 1.978147684351666 -2.196955472909166
-2.89169301936828 0.6146482652686194 0.978147761155597 0.2079116815037736
-0.3090169462878412 0.951056453225104 1.478147642430565 2.56022675071627
0.309017015187955 -2.94010030484416 -0.1045286174798965 -0.994521879159909
2.082676145876505 -1.202433652919441 1.478147456258146 -1.330930049815453
0.913545488544065 -0.4067366677301282 0.913545373551332 2.811603829163688
-2.391692999478022 0.2513769855714056 1.169130740157855 -1.6091702327632
2.391693110159965 -1.737666747764075 0.913545258490451 0.4067366708797879
-0.3090169830407543 -2.940100298692085 -0.3090171209080361 -0.951056504645849
2.287164683211302 -0.7431449012903666 1.722562318742955 -0.99452186694128
-0.413545409989417 -1.945578452218383 0.4999999393444652 -2.352315042466914
0.913545487024793 -2.811603819507993 0.1045282881160784 -0.994521875309234
1.787164667177962 -1.609170283999109 1.169130456996412 -1.609170203001741
0.104528470307884 -0.994521894628311 0.3090169163529514 2.940100315232137
-1.722562370357726 0.994521784664252 1.787164735990145 -1.609170228630112
0.809017045033653 0.5877851971370049 1.478147573445315 2.560226757966908
-2.956295167587198 -0.00000005855511925334511 0.6691307462645879 -0.7431448342849123
0.3090169883904836 -2.940100275082973 -0.5000001688955484 0.86602541687176
1.000000100160478 -0.0000001041588733041721 1.978147572731185 -2.196955461177386
-0.913545454763306 -0.4067366495428006 0.3090169921114164 2.940100307269604
-1.787164517800034 1.60917011810049 1.891693225289063 -0.6146483359978363
-0.913545456282581 -2.81160380132067 -0.5000000933238395 -0.866025397203317
2.391693148855956 -0.2513771514700234 1.891692942127622 -0.6146483062363812
1.478147637401037 -2.560226755687343 0.3090168059390015 -0.951056493262118
1.413545516756203 -1.945578452012287 0.809016846653569 -1.817081896661515
1.891693127388305 0.6146482658081789 1.787164527589201 1.609170249127826
-2.700710044239305 -1.202433605304395 -0.1045283935155071 -0.994521902699511
-2.391693079955839 -1.737666700149032 -0.6691305912832059 0.7431448179957327
1.169130702210931 1.609170118433955 2.391693084413564 0.2513770858208242
-1.978147624664125 -2.196955451708393 -0.809017019951361 0.5877852481084078
1.478147700951426 1.330929966468669 2.39169306035929 -0.251377051015707
-1.478147609407396 -2.560226726259629 -0.669130662394744 -0.7431448242520867
2.391693147278564 0.2513769861109625 1.978147506591456 -0.2079116651391468
1.978147643083548 -2.196955497312145 0.4999998065152376 -0.866025378784059
0.978147644308254 -2.196955505751313 0.4135453180184247 -1.945578392110848
-1.478147625192537 -1.330930050606232 -0.5000000185633446 2.35231505079316
-2.700710071036777 -1.202433575543216 -0.4999999449311632 0.866025393332169
0.809017081672278 1.817081814568746 2.287164644062236 0.7431448377658945
-0.4135453641719621 1.94557828963176 2.287164717694418 -0.7431448196951015
-1.478147625969144 -2.560226707866208 -0.91354552275327 0.406736642372198
1.722562552220724 0.994521788458148 2.2871645729507 -0.7431448044819272
1.978147616286076 -2.196955467550961 0.1045282550995851 0.994521917247615
-0.1045284014077695 -0.994521956990745 0.91354543449146 -2.811603803472785
-2.700710015922557 1.20243351671229 1.000000183001434 -0.00000001134228599930509
-0.4999999781084301 0.866025369123599 0.913545501733068 2.811603815691246
-2.891693072568652 -0.6146483337697036 -0.3090169017196924 0.951056503329084
0.4135455325698773 1.945578316080942 2.082676133731766 1.202433594296024
-0.913545483080053 -2.811603771559489 -0.978147702533079 0.2079116936253704
1.891693154185779 0.6146482360469943 2.082676018670884 -1.202433563987876
-2.082676044491322 1.202433540321402 0.809017135013922 1.817081910175324
-1.78716456115925 1.609170166255088 1.169130755721295 1.609170221455143
2.391693105496734 -0.25137710331542 1.169130472559861 1.609170251216597
-0.00000002831674464354172 -2.404867122016686 -0.809017129813213 1.817081926422794
-1.978147619061928 -2.196955457930176 -0.809017010673843 -0.5877852564765308
0.3090170878028834 0.951056407244798 1.978147651951737 -2.196955469503798
2.287164678548068 0.7431447431582897 1.978147532812364 0.2079117133955299
-2.082676046010595 -1.202433611456461 0.00000004957866739374595 -1.989043794297602
2.391693104557768 -1.737666741542295 0.6691304162814942 -0.7431447996023074
0.5000000261308855 -2.352315061726856 -0.0000001254247312676426 -1.98904377590401
-2.287164590890664 0.7431447987593812 0.4135455834115145 1.945578400094446
-1.413545410737494 1.945578334268269 1.478147752291853 1.33093007240194
0.913545443665573 -2.811603771353393 -0.6691307952239737 0.7431448394307609
2.700710095143794 -1.202433604695127 0.809016806734751 0.5877852779113989
-0.809016970051371 -1.817081938534539 -0.00000003583929175654532 -2.404867166610419
0.978147681426852 -0.2079117718762751 1.478147566119433 -2.560226728129785
-2.956295210946415 -0.00000001040052000078617 -0.1045283370754632 0.994521880455086
0.00000005928254021014823 1.989043709259838 1.787164682568335 1.60917023283887
-0.3090170189027704 -2.940100258863854 -1.000000134038758 0.000000006196112289913458
1.978147687962044 0.2079116063111186 1.787164528586819 -1.609170206831152
-2.391693069634718 0.2513770634871859 0.0000001054021465662913 1.989043778008477
-0.978147542923072 2.196955393153272 1.722562599147388 0.994521892673717
1.787164597021269 -1.609170206083323 -0.0000001777592906204717 1.989043807769933
-0.978147544442344 -0.2079117586245975 0.913545513712131 -2.811603811799208
0.809016973357688 -1.817081876725082 -0.5000001467456463 2.352315064265658
-0.669130532398349 0.7431447327577675 1.478147688699204 -2.560226741013432
-0.809017018236183 -0.5877852268981823 -0.3090170104946541 2.940100303848465
0.6691306291202999 0.7431447990928488 0.913545442536018 2.811603821913105
-2.891693035930025 0.6146482836620399 0.5000001688972304 -0.86602541687193
-1.413545388573549 1.945578309653064 1.722562621927896 -0.994521898807291
1.89169307418793 -0.6146483332301441 0.4999998647139116 2.352315070953138
-1.978147565381582 -0.2079117424485612 0.5000000977856876 -2.352315059119752
-2.391693084619072 -0.2513770557003783 -0.4135453772138 1.945578398332543
-0.4999999338102467 2.352314959195867 1.891693194647761 0.6146483339901375
-2.391693085558036 -1.737666693927254 -0.913545433492166 -0.4067366524863606
2.082676138331234 1.202433508925481 1.891693019644368 0.6146483523837261
0.000000007545271296649503 -2.404867161844924 -0.413545563386217 -1.94557840219918
2.70071010074599 -1.202433610916906 0.809016816012271 -0.5877852266735434
-2.8916930627275 0.6146483134232162 0.1045286174815755 0.994521879159745
-0.4135454165957279 1.945578347853415 1.413545559009055 1.945578410551174
-1.169130649787166 -1.60917017665561 -0.978147646093035 2.19695547677996
0.3090169730853126 -0.951056482986283 -0.3090170794799059 2.940100311099104
-2.89169306350411 -0.6146483438367571 -0.30901688670835 -0.951056529261223
1.722562499796958 0.994521846679806 1.413545414265338 1.945578425764345
0.0000000860800152269192 1.989043679498655 2.082676173650022 -1.202433580276836
-1.478147536792461 1.330929985829325 1.413545607036888 -1.945578414595977
0.3090169718287345 -2.940100256689555 -0.978147761153916 -0.2079116815039383
1.978147675568621 -0.2079117582911285 1.413545372836636 -1.945578389980551
0.97814760220561 -0.2079116838934369 0.3090169163523857 2.940100315232196
-2.287164555028645 0.7431447589311466 0.809017149838512 -1.817081928527532
-2.287164635188843 -0.7431447913128943 -0.809016942434615 1.817081906728516
0.00000007167596582924318 2.404867073862083 1.978147720190965 0.2079116937012524
-0.6691306116195887 0.743144820740608 0.3090170389321559 2.940100302348546
-2.391693025336534 1.737666653559458 0.978147798316841 -0.2079117036926368
-2.700710051784573 1.20243355654052 0.3090171698707116 0.951056499499673
-0.809016973357687 1.817081876725081 0.978147711576929 2.196955475801374
2.39169306119855 -1.737666693387693 -0.1045286670585593 0.994521915137691
-0.3090169596202266 -0.951056549604023 0.309016983698291 -2.940100301032047
0.913545438063376 -2.811603765131616 -0.913545637432933 -0.4067366310513326
1.891693117547153 -0.6146483813847481 0.978147501350236 -2.196955461566878
-2.700710087598522 -1.202433557149795 -0.978147537189528 -0.2079117050435405
1.787164657080419 1.60917016043649 1.722562444167688 0.994521908962729
1.478147579375078 -2.560226691243908 -0.80901719495532 0.5877852665020575
-0.5000000113701053 -2.352315027157396 -0.809017075815948 -1.817081916397269
2.891693106086721 -0.6146483615778218 0.913545298789918 -0.4067366188327
0.913545515341541 -0.4067366974913124 0.913545417929291 -2.81160380173203
-2.082676116167286 -1.202433533540683 -1.169130585177039 1.609170216474071
0.5000000740295945 2.352314957567981 1.978147698155915 -0.2079116852733755
0.4999999559741916 -2.352314983811071 -1.169130760180431 1.609170234867664
0.5000000730906301 0.866025319341105 1.478147641877549 -2.560226736092279
2.891693089524973 -0.6146483431843985 0.6691304384313978 0.7431448477915855
-1.169130606427943 -1.609170224810214 -0.5000000094567102 -2.352315055740053
2.391693084619074 0.2513770557003785 0.809016884251499 1.817081936531506
-2.287164599326829 -0.7431448311411289 -0.4135453760076223 -1.94557842189346
-1.169130606289767 1.609170208257622 0.5000001154754173 2.352315044597049
-2.391693052134005 1.737666683320637 0.5000001891075996 0.866025387136051
1.478147584977275 -2.560226697465691 -0.809017185677801 -0.5877852380828851
1.722562492938181 -0.994521920801689 0.4999998903823687 -2.352315037320794
-0.809017054874807 -1.817081844329924 -1.413545527815299 1.945578406269463
0.4135455325698787 1.945578316080942 1.787164687028044 -1.609170223483991
-1.787164657080418 -1.609170160436488 -1.478147611236245 1.330930066104309
0.978147673881579 2.196955389968647 1.891693129505655 -0.6146483259305998
-0.6691306559177706 -0.7431447693316649 -0.913545486913975 2.811603808982616
-0.978147542923068 2.19695539315327 1.478147766215953 -1.330930082393323
-2.700710042720027 1.202433546473468 0.3090171848820564 -0.951056533090626
0.4999999938693924 0.866025407323944 0.3090169921104997 2.940100307269696
-2.891693099366127 -0.614648304008524 -0.999999899839072 -0.00000001841925789669574
-2.956295220010961 -0.0000000003334663656318071 -0.4999998591244998 -0.866025421818656
1.478147625192537 1.330930050606232 0.978147583394626 2.196955489273871
1.4135455045477 1.945578354281289 1.478147624109198 1.330930085874472
-0.978147630522359 -2.196955438123251 -1.169130659937883 -1.609170231522371
2.956295246808437 -0.0000000294277158197076 0.978147468333743 -0.2079116690100284
2.082676044491321 -1.202433540321402 -0.4135456279762233 1.945578424688724
-0.999999971977817 -0.00000003820035188173421 0.3090170629188438 -2.940100309358458
-0.809017026558061 0.5877852776867599 -0.3090169512983619 2.940100297626685
-1.978147572926853 2.196955419396361 0.913545661171913 -0.406736656920568
1.169130562930547 -1.609170160103023 -0.978147752111742 2.196955487922969
-0.499999951310954 0.866025339362412 0.913545546111027 -2.81160381520447
-1.978147589488603 2.19695543778978 0.669130800813387 0.7431448097037161
-1.478147621615901 1.330930080033944 0.0000001150608817668264 2.4048671582839
-1.413545526711641 -1.945578329666089 -1.722562493745237 0.99452188533476
1.978147590745186 -0.2079116640865093 -0.0000001191393683478398 2.404867182899333
1.413545526711647 1.945578329666086 1.722562493745244 -0.994521885334758
-1.97814759074518 0.2079116640865069 0.0000001191393719359884 -2.404867182899328
1.978147589488604 -2.196955437789783 -0.66913080081338 -0.7431448097037123
1.4781476216159 -1.330930080033949 -0.0000001150608821554044 -2.404867158283898
0.499999951310958 -0.866025339362416 -0.913545546111026 2.811603815204472
-1.169130562930538 1.609170160103021 0.978147752111748 -2.196955487922966
1.978147572926857 -2.196955419396362 -0.913545661171905 0.406736656920573
0.809017026558062 -0.5877852776867639 0.3090169512983627 -2.940100297626683
0.999999971977822 0.00000003820034766288671 -0.3090170629188429 2.940100309358466
-2.082676044491319 1.202433540321399 0.4135456279762265 -1.945578424688721
-2.956295246808435 0.00000002942771382130616 -0.978147468333741 0.2079116690100315
0.978147630522359 2.19695543812325 1.169130659937888 1.609170231522376
2.956295220010963 0.0000000003334659215425972 0.499999859124507 0.866025421818661
-1.413545504547698 -1.945578354281289 -1.478147624109193 -1.330930085874469
2.891693099366129 0.6146483040085223 0.999999899839077 0.00000001841926322576626
-1.478147625192532 -1.330930050606233 -0.978147583394625 -2.196955489273866
2.700710042720029 -1.202433546473471 -0.3090171848820486 0.951056533090633
-0.499999993869393 -0.866025407323946 -0.3090169921104974 -2.940100307269693
0.978147542923072 -2.196955393153272 -1.478147766215946 1.330930082393325
0.6691306559177736 0.7431447693316628 0.913545486913977 -2.811603808982613
-0.978147673881575 -2.196955389968648 -1.891693129505648 0.614648325930604
1.78716465708042 1.609170160436486 1.478147611236249 -1.330930066104309
-0.4135455325698746 -1.945578316080944 -1.787164687028039 1.609170223483994
0.809017054874807 1.817081844329922 1.413545527815304 -1.94557840626946
-1.478147584977275 2.560226697465686 0.809017185677806 0.5877852380828892
-1.722562492938182 0.994521920801685 -0.4999998903823662 2.352315037320796
2.391693052134003 -1.737666683320638 -0.500000189107594 -0.866025387136051
1.169130606289765 -1.609170208257625 -0.5000001154754155 -2.352315044597045
2.28716459932683 0.7431448311411256 0.4135453760076251 1.945578421893464
-2.391693084619074 -0.2513770557003769 -0.809016884251492 -1.817081936531507
-2.891693089524968 0.6146483431843976 -0.6691304384313889 -0.7431448477915833
1.169130606427945 1.609170224810212 0.5000000094567103 2.352315055740056
-0.5000000730906285 -0.866025319341109 -1.478147641877546 2.560226736092279
-0.499999955974189 2.352314983811068 1.169130760180438 -1.609170234867663
-0.5000000740295921 -2.352314957567984 -1.978147698155911 0.2079116852733788
2.082676116167289 1.20243353354068 1.169130585177044 -1.609170216474072
-2.89169310608672 0.6146483615778187 -0.913545298789913 0.4067366188327033
-1.478147579375075 2.560226691243906 0.809017194955329 -0.5877852665020535
-0.91354551534154 0.4067366974913091 -0.91354541792929 2.811603801732034
0.5000000113701065 2.352315027157396 0.809017075815954 1.817081916397274
-1.787164657080415 -1.60917016043649 -1.722562444167682 -0.994521908962728
2.700710087598525 1.202433557149794 0.978147537189533 0.2079117050435413
-1.891693117547152 0.614648381384745 -0.978147501350235 2.196955461566881
-0.913545438063376 2.811603765131614 0.913545637432939 0.4067366310513369
-2.391693061198545 1.737666693387689 0.1045286670585652 -0.994521915137686
0.3090169596202295 0.951056549604018 -0.3090169836982922 2.940100301032052
2.700710051784576 -1.202433556540526 -0.3090171698707076 -0.951056499499672
0.809016973357689 -1.817081876725086 -0.978147711576927 -2.196955475801372
2.391693025336532 -1.737666653559458 -0.978147798316834 0.2079117036926379
0.6691306116195875 -0.743144820740609 -0.3090170389321534 -2.940100302348541
-0.00000007167596582924318 -2.404867073862088 -1.978147720190961 -0.2079116937012497
2.28716463518885 0.7431447913128904 0.80901694243462 -1.817081906728514
2.287164555028646 -0.7431447589311477 -0.809017149838506 1.817081928527533
-0.978147602205607 0.2079116838934338 -0.3090169163523822 -2.94010031523219
-1.978147675568616 0.2079117582911247 -1.413545372836634 1.945578389980554
-0.3090169718287321 2.940100256689555 0.978147761153922 0.2079116815039423
-0.0000000860800093427372 -1.989043679498657 -2.082676173650015 1.202433580276836
1.478147536792468 -1.330929985829329 -1.413545607036886 1.945578414595981
2.89169306350411 0.6146483438367575 0.3090168867083574 0.951056529261223
1.169130649787166 1.609170176655605 0.978147646093039 -2.196955476779957
-0.3090169730853067 0.951056482986278 0.3090170794799088 -2.940100311099102
-1.722562499796954 -0.994521846679806 -1.413545414265336 -1.945578425764341
0.4135454165957302 -1.945578347853418 -1.413545559009049 -1.945578410551167
2.891693062727504 -0.6146483134232215 -0.1045286174815704 -0.99452187915974
-2.70071010074599 1.202433610916904 -0.809016816012265 0.5877852266735502
-0.000000007545269964381873 2.404867161844916 0.4135455633862196 1.945578402199182
-2.08267613833123 -1.202433508925483 -1.891693019644362 -0.6146483523837255
2.391693085558039 1.737666693927249 0.913545433492168 0.4067366524863671
0.4999999338102459 -2.35231495919587 -1.891693194647756 -0.6146483339901372
2.391693084619075 0.2513770557003743 0.4135453772138038 -1.945578398332538
1.978147565381587 0.2079117424485589 -0.500000097785687 2.352315059119757
-1.891693074187931 0.6146483332301415 -0.4999998647139082 -2.352315070953134
1.413545388573552 -1.94557830965307 -1.722562621927894 0.994521898807292
2.891693035930031 -0.6146482836620373 -0.5000001688972214 0.866025416871933
-0.6691306291202965 -0.7431447990928504 -0.913545442536015 -2.811603821913102
0.809017018236185 0.5877852268981795 0.3090170104946561 -2.940100303848464
0.6691305323983523 -0.7431447327577718 -1.478147688699202 2.560226741013433
-0.80901697335768 1.817081876725079 0.5000001467456534 -2.352315064265654
-1.787164597021264 1.60917020608332 0.0000001777592974483433 -1.989043807769927
0.978147544442348 0.2079117586245945 -0.913545513712131 2.81160381179921
0.978147542923072 -2.196955393153274 -1.722562599147383 -0.994521892673715
2.391693069634719 -0.25137706348719 -0.0000001054021419033546 -1.989043778008472
-1.978147687962038 -0.2079116063111246 -1.787164528586817 1.609170206831156
0.3090170189027707 2.940100258863853 1.000000134038765 -0.000000006196111290712736
-0.0000000592825390999252 -1.989043709259839 -1.787164682568329 -1.609170232838865
2.956295210946421 0.00000001040051644807249 0.1045283370754693 -0.994521880455082
-0.913545443665572 2.811603771353392 0.6691307952239837 -0.74314483943076
-2.70071009514379 1.20243360469512 -0.809016806734746 -0.5877852779113942
-0.978147681426847 0.2079117718762709 -1.478147566119432 2.560226728129786
0.809016970051373 1.817081938534542 0.00000003583929669703778 2.404867166610418
1.413545410737497 -1.945578334268272 -1.478147752291847 -1.330930072401939
2.287164590890664 -0.7431447987593821 -0.4135455834115095 -1.945578400094443
-0.5000000261308831 2.352315061726851 0.0000001254247296578193 1.989043775904011
-2.39169310455777 1.737666741542294 -0.6691304162814873 0.7431447996023135
-2.287164678548065 -0.7431447431582939 -1.978147532812362 -0.2079117133955252
-0.309017087802882 -0.951056407244802 -1.978147651951733 2.196955469503799
2.082676046010596 1.202433611456465 -0.00000004957866261978694 1.989043794297602
1.978147619061931 2.196955457930175 0.809017010673846 0.5877852564765369
0.00000002831674644765414 2.404867122016684 0.809017129813219 -1.817081926422795
-2.391693105496731 0.2513771033154154 -1.169130472559856 -1.609170251216594
1.787164561159255 -1.609170166255092 -1.169130755721291 -1.609170221455138
2.082676044491321 -1.202433540321404 -0.809017135013918 -1.817081910175322
-1.891693154185778 -0.6146482360469976 -2.082676018670881 1.202433563987878
0.913545483080051 2.811603771559487 0.978147702533083 -0.2079116936253663
-0.4135455325698755 -1.945578316080944 -2.082676133731761 -1.202433594296021
2.891693072568657 0.6146483337697011 0.3090169017196991 -0.95105650332908
2.700710015922557 -1.202433516712291 -1.000000183001428 0.00000001134229021815258
0.4999999781084292 -0.866025369123601 -0.913545501733064 -2.811603815691243
-1.978147616286073 2.196955467550961 -0.1045282550995751 -0.994521917247611
0.104528401407774 0.994521956990741 -0.913545434491461 2.811603803472784
-1.722562552220718 -0.994521788458152 -2.287164572950694 0.7431448044819271
1.478147625969144 2.560226707866205 0.913545522753273 -0.406736642372194
-0.809017081672275 -1.817081814568748 -2.287164644062232 -0.7431448377658921
0.4135453641719632 -1.945578289631761 -2.287164717694414 0.7431448196950999
2.700710071036776 1.202433575543215 0.4999999449311661 -0.866025393332161
1.478147625192536 1.330930050606228 0.5000000185633466 -2.352315050793159
-1.978147643083548 2.196955497312145 -0.4999998065152317 0.866025378784064
-0.978147644308254 2.19695550575131 -0.4135453180184234 1.945578392110856
-2.39169314727856 -0.2513769861109658 -1.978147506591452 0.2079116651391473
1.478147609407396 2.560226726259629 0.6691306623947478 0.7431448242520916
-1.478147700951418 -1.330929966468669 -2.391693060359284 0.2513770510157069
1.978147624664128 2.196955451708393 0.809017019951366 -0.5877852481084065
-1.169130702210929 -1.609170118433958 -2.391693084413561 -0.251377085820822
2.391693079955841 1.737666700149029 0.6691305912832108 -0.7431448179957298
2.700710044239306 1.202433605304397 0.1045283935155148 0.994521902699511
-1.891693127388301 -0.6146482658081778 -1.787164527589195 -1.609170249127828
-1.478147637401039 2.56022675568734 -0.3090168059389959 0.951056493262125
-1.413545516756205 1.945578452012284 -0.809016846653569 1.81708189666152
-2.391693148855951 0.2513771514700174 -1.891692942127619 0.6146483062363824
0.91354545628258 2.811603801320667 0.5000000933238429 0.866025397203322
1.787164517800033 -1.60917011810049 -1.891693225289057 0.6146483359978383
0.91354545476331 0.406736649542797 -0.3090169921114123 -2.940100307269599
-1.000000100160475 0.0000001041588690853246 -1.978147572731184 2.196955461177386
-0.3090169883904814 2.940100275082973 0.5000001688955543 -0.866025416871761
2.956295167587199 0.00000005855512136276886 -0.6691307462645819 0.7431448342849192
-0.809017045033647 -0.5877851971370072 -1.478147573445311 -2.560226757966905
1.722562370357726 -0.994521784664251 -1.787164735990138 1.609170228630111
-0.1045284703078848 0.994521894628307 -0.309016916352948 -2.940100315232136
-0.913545487024793 2.811603819507996 -0.104528288116071 0.994521875309239
-1.787164667177962 1.609170283999104 -1.169130456996412 1.609170203001745
-2.287164683211299 0.7431449012903595 -1.722562318742955 0.994521866941282
-2.391693110159966 1.737666747764072 -0.913545258490443 -0.4067366708797826
0.3090169830407525 2.940100298692087 0.309017120908044 0.951056504645849
0.4135454099894202 1.945578452218377 -0.4999999393444662 2.352315042466915
2.391692999478027 -0.2513769855714048 -1.169130740157848 1.609170232763202
-0.913545488544063 0.4067366677301235 -0.913545373551328 -2.811603829163685
-2.082676145876503 1.202433652919435 -1.478147456258144 1.330930049815457
-0.3090170151879548 2.940100304844156 0.1045286174798984 0.994521879159914
0.3090169462878423 -0.951056453225107 -1.478147642430562 -2.560226750716267
2.891693019368285 -0.6146482652686189 -0.978147761155591 -0.2079116815037705
-0.1045285729496442 -0.994521766476926 -2.391693117430054 1.737666706736028
0.809016898375408 -0.5877851353275451 -1.978147684351666 2.196955472909169
-0.4135454599549426 1.945578396008012 0.0000001356998735602133 -2.404867184639912
0.5000000113701061 2.352315027157393 0.4135455687782614 -1.945578418466771
0.8090168975988 -1.81708179258752 -2.391693188541588 0.2513770644882034
1.722562456437739 0.994521894834403 -0.00000000904384522826263 -2.404867169426739
1.891692999205652 0.6146484081673949 -0.978147672892107 2.19695547959665
-1.722562492938176 0.994521920801682 -0.978147455213643 -2.196955502746231
-1.413545480894182 1.945578412184047 -0.4135452802265682 -1.945578431960455
1.787164555695236 1.609170273034526 -0.4135454729981239 1.945578408399869
0.913545375542069 0.4067367375256371 -1.478147641878463 2.560226736092376
-2.287164661047353 0.7431448766751579 -1.47814744910691 -1.330930104267951
-1.478147628336491 2.560226745620288 -0.3090167909276484 -0.951056539328182
-0.1045285495291234 0.994521982611145 -1.478147566119999 2.56022672812984
-1.978147687962038 -0.2079116063111245 -2.082675975290539 -1.20243361094886
2.39169303659662 1.737666748303633 -0.1045284920568407 0.994521896744269
-0.978147715984221 -0.2079115681107739 -2.391693038209384 1.737666698409602
0.3090169921052992 2.940100288625034 0.309017135919387 -0.951056527944454
0.104528391086653 -0.99452180664548 -1.978147638214502 -2.196955491403998
1.169130510506782 -1.60917010188137 -2.391693190432266 -0.2513770746778137
1.891693042564871 0.6146483600127882 -0.5000000362557778 -2.352315052923367
0.978147571239823 0.2079117288634075 -0.913545469334168 -2.811603819096506
2.956295161985003 0.00000006477689823425337 -0.913545588473542 -0.4067366361971763
2.082675981831836 -1.20243347073199 -1.97814775735388 0.2079116914953285
-1.978147659645296 2.196955515705563 -0.978147398773598 -0.2079117195916387
-0.00000006890011350346725 1.989043851619053 -0.978147517912973 2.196955463307688
2.891693014542695 0.6146483982131395 -0.809017099174621 0.5877852564350952
-0.913545533984538 -0.4067365615599713 -1.978147562456045 -2.196955499366534
0.10452834212524 -0.994521752269097 -2.700710117059792 1.202433570633915
0.978147594660344 2.196955477951477 0.0000000819758885217681 -1.989043797702693
-0.913545582945955 -0.4067365071835887 -2.700710041301327 1.202433562671383
-1.978147702366085 0.2079117880523034 -2.287164489083564 -0.7431448540548051
1.978147566638165 2.196955516151829 -0.3090169809429544 0.951056511655771
0.913545447218034 2.811603811387718 0.1045285712748081 -0.994521905070421
1.478147509994997 -1.330929956068153 -2.287164723283819 -0.7431448294393746
1.978147565381586 0.2079117424485535 -0.978147662616966 -2.196955480947275
0.1045284282052489 0.994521927229557 -0.913545390113496 -2.81160382742293
1.891692962567029 -0.6146482092643494 -2.082676190212754 1.202433582017645
2.391692983233893 0.2513771682984157 -1.478147707020568 1.330930076171636
-0.809017053355525 0.5877853074479371 -1.478147514249016 -2.560226764188688
1.413545398528991 1.945578472025305 -0.809016974836221 1.817081910134053
-2.0826761458765 1.202433652919437 -1.722562289189583 -0.994521925251587
-0.1045285563878922 -0.994521784870348 -2.391693090002965 -1.737666734955296
2.891693020144892 0.614648391991357 -0.809017089897102 -0.587785248149846
-0.913545496089337 2.811603829575044 -0.4999998101651052 -0.866025426964503
-0.3090171012679642 0.9510566253455 -1.978147556170121 2.196955459436749
-0.00000002554088962547496 1.989043803464449 -0.4999998812766404 -2.352315069212327
0.913545343799668 -0.4067365069774924 -2.391693133992227 1.737666708476778
-1.478147664198512 2.560226785448521 -0.999999804058371 -0.00000002848621860618294
-0.4135455447783808 1.945578490212631 -1.413545356276138 1.945578388239969
1.722562371614303 0.994521989039023 -1.413545501019852 1.945578403453141
-1.478147664975114 1.330930128188543 -1.413545308248297 -1.945578436907184
1.722562370357728 -0.994521784664254 -2.082676182693864 -1.202433589149902
1.978147547385964 -0.207911615931912 -1.413545542448553 -1.945578412291753
-0.978147644308251 2.196955505751304 -0.809016825056114 -1.817081942753193
0.809016890053529 0.5877853692573995 -1.97814762515537 2.196955466687385
2.28716451166943 -0.7431447107765474 -1.978147740216252 -0.207911691596512
0.999999945180353 0.00000006796152340893258 -1.478147625869498 -2.560226752456907
1.8916929893645 -0.6146482390255317 -1.787164699131067 -1.609170231098057
-0.809017124254884 -0.5877851091541717 -2.891693056143797 0.6146483103280302
1.478147582609925 2.560226756020808 -0.1045283935182146 -0.994521902699237
-0.3090171043646304 -0.951056388851383 -2.700710077141538 -1.202433603938941
2.700710017441835 1.202433635065574 -0.6691306623974517 -0.7431448242518165
1.478147555812453 2.560226785781988 -0.4999999449338711 0.866025393332438
-1.891693169970916 0.6146484396063983 -2.391692939670762 -0.2513771010339046
0.3090168670666066 -0.95105636524227 -2.891693125129048 0.6146483175786681
-0.978147699422466 -0.2079115865041989 -2.391693010782293 -1.737666743281723
2.700710000880086 1.202433653458997 -0.913545522755978 0.406736642372472
1.413545434391011 1.945578432197069 -0.4135454084092229 -1.945578418487923
-0.6691307351390058 -0.7431446813488338 -2.956295208549994 -0.0000000225864837388734
1.978147575702711 2.196955506084775 -0.3090169659316115 -0.951056520934534
-0.5000001220520438 -0.86602526496473 -2.891693074464246 -0.6146483545138578
2.391693027532079 1.737666758370685 -0.5000000141058772 -0.866025405529473
-0.91354552288681 2.811603859336227 -0.978147419374345 0.207911663864185
-0.809017095938142 1.817082012862516 -1.78716447962686 1.609170201685251
-0.3090170419854243 2.940100334605336 -0.6691304384330607 -0.7431448477914165
-0.5000001228528288 0.866025529876232 -2.391693005810491 1.73766669500434
-1.722562568697066 0.994522004939244 -2.39169293217831 0.251377037543345
0.913545403858815 2.81160385954232 -0.6691305120652462 0.743144809669579
0.97814752450365 2.196955555867265 -1.169130552779818 1.609170213068979
-1.787164689341906 1.609170308614306 -1.891692891463736 -0.6146483658560575
0.978147522984378 -0.2079115959106065 -1.978147638215072 -2.196955491403944
2.391692977314082 -0.2513769609562054 -1.891693174625173 -0.6146483360945986
-1.169130717910668 1.609170332223415 -2.082675939451247 1.202433555661557
-0.3090170585471752 2.940100352998757 -0.913545298791591 0.4067366188328735
-1.478147717398881 1.330930186410196 -2.287164466933666 0.7431447933390892
0.3090169340793367 2.940100353068471 -0.809016864974936 0.5877852318197241
0.3090169328227617 0.951056579365195 -1.478147546648943 -2.560226760783319
0.499999872089722 -0.866025251379584 -2.956295267747046 -0.00000001636462765297608
1.9781474949622 -0.2079115577102561 -2.287164701133916 0.7431448179545175
1.787164555695239 1.609170273034524 -0.809016980035816 -1.817081926464176
-0.6691306908408188 0.7431449087234384 -1.978147515635299 -2.196955504287592
2.287164507006192 0.7431449336721095 -1.722562526146845 0.994521888740296
-1.000000116722218 0.0000001225522870962337 -2.700709997920985 -1.202433612265356
0.4135454099894259 1.945578452218374 -0.978147504175741 -2.196955497600114
2.391693000734604 1.737666788131867 -0.978147623315116 0.2079116852992156
0.978147474022962 -0.2079115415342233 -2.700710117060361 1.20243357063397
0.91354536036142 -0.4067365253709163 -2.391693106565135 -1.737666733214547
2.391692983233893 0.251377168298413 -1.722562539952007 -0.994521898895402
1.47814750261208 1.330930186743665 -1.787164607809161 1.609170215157746
-1.169130691113192 1.609170302462239 -1.787164448369558 -1.609170257454149
-0.5000000619928961 2.352315101555082 -1.169130452537267 -1.609170253321059
0.6691304843759002 0.7431449598454812 -2.391693065007542 1.737666701226194
0.6691304834369355 -0.743144678381393 -2.891693121285904 -0.614648349592708
2.08267601014858 1.202433651284694 -1.169130627540662 -1.609170234927466
0.3090169396815351 2.940100346846689 -0.809016855697413 -0.5877852727652205
-0.669130739802239 0.7431449630998202 -2.70070999448059 1.202433557750326
0.809016881813659 -0.5877851169341255 -2.700710109541467 -1.202433600533575
2.28716452917014 0.7431449090569044 -1.478147656510796 -1.330930082468934
0.4999999099849235 2.352315139755431 -1.478147515456115 1.330930056037406
-1.413545560115424 1.945578500166885 -1.978147437031316 -0.2079117234625264
-0.978147730388263 0.2079118262526487 -2.891692998706131 -0.6146483624763571
1.978147539840693 2.196955545913007 -0.999999979062333 -0.00000001009257161177501
-0.809017132576764 0.5877853954307724 -2.891692996947504 0.6146483041062462
0.913545398256618 2.811603865764102 -0.913545354274202 -0.4067366608125178
-0.913545594562772 0.4067367854741395 -2.956295139565309 -0.00000002983706764991823
1.478147539250705 2.560226804175408 -0.978147537192237 -0.2079117050432661
-0.0000000998659070994279 2.404867264375904 -1.722562338768248 0.994521869046016
-0.978147706967742 2.196955575340723 -1.978147447396079 0.2079116589174559
0.4999999146481596 0.866025495306774 -1.978147562456957 -2.196955499366441
1.9781474896227 0.2079118265861179 -2.391693139581631 0.2513770593423023
0.809016926692157 1.81708198668914 -1.413545387469882 -1.945578428580667
0.999999865959116 0.0000001559443589815857 -2.891693108567987 0.6146483158380263
-0.5000001053521177 2.352315149709687 -1.891692922105037 0.614648304131916
-0.500000106291076 0.866025511482811 -2.391692978383397 -1.737666746686987
2.08267596678936 1.202433699439299 -1.891693097108428 0.6146483225255082
-0.00000007770196003287211 2.404867239760698 -1.478147469132199 -1.330930102163214
0.4999998656867428 0.866025549683159 -2.700710041302246 1.202433562671473
1.169130494807041 1.609170348776004 -2.082676045469954 1.202433566804564
-0.809017095938137 1.817082012862516 -2.082675926330579 -1.202433616094767
1.891692946781888 0.6146484663890451 -2.391693111212633 -0.2513770830041332
0.669130500937648 0.7431449414520594 -2.391693037580451 -1.73766674046513
0.978147465221112 0.2079118466074246 -2.956295235348149 -0.00000001976988861507323
1.169130521604514 1.609170319014825 -1.787164554388266 -1.60917024631114
-0.3090171178297099 0.951056643738918 -2.700709981359922 -1.202433614005997
1.78716449303575 1.609170342623937 -1.978147602375778 0.2079116752064706
0.499999909984926 2.352315139755433 -1.722562348387549 -0.994521919029635
0.3090168536015229 0.951056667348033 -2.891693029347435 0.614648307511615
0.809016874268388 1.817082044910794 -2.287164546155251 0.7431448016656064
-0.4135455715758482 1.945578519973811 -2.287164472523068 -0.7431448557953916
0.809016873491784 0.5877853876508185 -2.700710050345173 -1.202433606755358
1.722562344816832 0.994522018800199 -2.287164617266787 -0.7431448405822142
0.913545326580653 0.4067367919020143 -2.891693074465164 -0.6146483545137662
1.47814750261208 1.330930186743664 -2.082676054512885 -1.202433602622268
-0.1045285984905359 0.994522036987525 -2.891692998706698 -0.614648362476302
1.413545355169772 1.945578520179904 -1.978147565213967 -0.2079117099899927
0.1045283221865374 0.994522044973573 -2.956295156127482 -0.00000002809631449718353
0.978147502339708 2.196955580482466 -1.891692987247143 -0.6146483557888213
-0.000000121323873253365 1.989043909840706 -2.391692956233498 -0.251377099293097
0.4135453342305344 1.94557853635594 -2.39169298114041 0.2513770426894624