4OFF
# Vertices for 5{6}2 , 4D real representation
600

# Vertices.  Each line is the XYZW coordinates of one vertex.
-26.7455 25.1275 9.21587 -1.
-25.1275 21.0498 16.5296 -9.21587
-26.7455 16.5296 21.0498 1.
-33.0592 14.9116 10.8339 0
-25.1275 22.2253 14.9116 9.21587
-31.4412 10.8339 14.9116 -10.2159
-31.4412 17.5296 5.69572 10.2159
-25.7455 9.21587 25.1275 -7.31375
-17.5296 31.4412 10.2159 -5.69572
-22.2253 25.7455 7.31375 -14.9116
-25.7455 26.7455 -1. -7.31375
-14.9116 26.7455 19.4317 -10.8339
-35.9614 10.2159 1.61803 -5.69572
-17.5296 19.4317 26.7455 5.69572
-25.7455 26.7455 1. 7.31375
-21.0498 14.9116 22.2253 -16.5296
-35.9614 4.69572 9.21587 5.69572
-25.7455 7.31375 25.7455 7.31375
-35.9614 1.61803 10.2159 -5.69572
-22.2253 14.9116 22.2253 14.9116
-32.4412 9.21587 4.69572 -16.5296
-14.9116 26.7455 19.4317 10.8339
-35.9614 10.2159 -1.61803 5.69572
-18.4317 10.2159 31.4412 0
-31.4412 17.5296 -5.69572 -10.2159
-10.2159 25.7455 25.7455 -1.61803
-18.4317 33.0592 0 0
-16.5296 22.2253 14.9116 -21.0498
-21.0498 25.7455 7.31375 16.5296
-26.7455 5.69572 17.5296 -19.4317
-26.7455 18.4317 0 -19.4317
-10.2159 32.4412 16.5296 1.61803
-31.4412 0 18.4317 10.2159
-32.4412 7.31375 7.31375 16.5296
-26.7455 -1. 26.7455 -1.
-26.7455 25.1275 -9.21587 1.
-10.8339 19.4317 26.7455 -14.9116
-26.7455 5.69572 17.5296 19.4317
-33.0592 -5.69572 17.5296 0
-16.5296 21.0498 16.5296 21.0498
-26.7455 18.4317 0 19.4317
-32.4412 -1.61803 10.2159 -16.5296
-22.2253 1. 26.7455 -14.9116
-33.0592 14.9116 -10.8339 0
-9.21587 16.5296 32.4412 -4.69572
-9.21587 35.9614 5.69572 4.69572
-19.4317 17.5296 5.69572 -26.7455
-10.8339 31.4412 10.2159 14.9116
-25.7455 7.31375 7.31375 -25.7455
-21.0498 25.7455 -7.31375 -16.5296
-4.69572 32.4412 16.5296 -9.21587
-7.31375 35.9614 5.69572 -7.31375
-14.9116 26.7455 1. -22.2253
-22.2253 25.7455 -7.31375 14.9116
-32.4412 7.31375 -7.31375 -16.5296
-4.69572 25.7455 25.7455 9.21587
-14.9116 7.31375 25.7455 -22.2253
-32.4412 9.21587 -4.69572 16.5296
-17.5296 0 33.0592 -5.69572
-35.9614 4.69572 -9.21587 -5.69572
-7.31375 16.5296 32.4412 7.31375
-35.9614 -7.31375 7.31375 5.69572
-21.0498 1. 26.7455 16.5296
-25.1275 22.2253 -14.9116 -9.21587
-17.5296 31.4412 -10.2159 5.69572
-1.61803 25.7455 25.7455 -10.2159
-9.21587 16.5296 21.0498 -25.1275
-25.1275 -7.31375 25.7455 9.21587
-32.4412 -4.69572 9.21587 16.5296
-19.4317 10.8339 14.9116 26.7455
-14.9116 9.21587 25.1275 22.2253
-25.7455 9.21587 4.69572 25.7455
-35.9614 -9.21587 4.69572 -5.69572
-31.4412 -10.8339 14.9116 -10.2159
-25.1275 -9.21587 25.1275 -9.21587
-1.61803 32.4412 16.5296 10.2159
-25.7455 9.21587 -4.69572 -25.7455
-9.21587 35.9614 -5.69572 -4.69572
-7.31375 25.1275 9.21587 -25.7455
-35.9614 1.61803 -10.2159 5.69572
-9.21587 5.69572 35.9614 4.69572
-14.9116 26.7455 -1. 22.2253
-19.4317 0 18.4317 -26.7455
-25.1275 21.0498 -16.5296 9.21587
-5.69572 10.2159 31.4412 -17.5296
-31.4412 10.8339 -14.9116 10.2159
-7.31375 5.69572 35.9614 -7.31375
-5.69572 33.0592 0 -17.5296
-9.21587 25.1275 9.21587 25.1275
-25.7455 -4.69572 9.21587 -25.7455
-7.31375 35.9614 -5.69572 7.31375
-10.2159 14.9116 10.8339 -31.4412
-10.8339 31.4412 -10.2159 -14.9116
0 31.4412 10.2159 -18.4317
-25.7455 -1.61803 10.2159 25.7455
-26.7455 -14.9116 22.2253 1.
-35.9614 -7.31375 -7.31375 -5.69572
-5.69572 10.2159 31.4412 17.5296
-7.31375 16.5296 21.0498 25.7455
-32.4412 -10.2159 1.61803 -16.5296
-26.7455 16.5296 -21.0498 -1.
1.61803 16.5296 32.4412 -10.2159
-5.69572 33.0592 0 17.5296
-16.5296 4.69572 9.21587 -32.4412
-35.9614 -9.21587 -4.69572 5.69572
-10.8339 0 33.0592 14.9116
-19.4317 17.5296 -5.69572 26.7455
-16.5296 -7.31375 25.7455 -21.0498
0 19.4317 26.7455 18.4317
-32.4412 -4.69572 -9.21587 -16.5296
1.61803 35.9614 5.69572 10.2159
-16.5296 10.2159 -1.61803 -32.4412
-25.7455 7.31375 -7.31375 25.7455
-14.9116 -10.2159 31.4412 -10.8339
-32.4412 -1.61803 -10.2159 16.5296
-10.2159 -5.69572 35.9614 1.61803
-10.2159 32.4412 -16.5296 -1.61803
-14.9116 26.7455 -19.4317 -10.8339
-16.5296 21.0498 -16.5296 -21.0498
7.31375 32.4412 16.5296 -7.31375
5.69572 26.7455 19.4317 -17.5296
1. 21.0498 16.5296 -26.7455
-9.21587 25.1275 -9.21587 -25.1275
4.69572 35.9614 5.69572 -9.21587
-10.2159 14.9116 10.8339 31.4412
-26.7455 -14.9116 10.8339 -19.4317
-26.7455 5.69572 -17.5296 -19.4317
7.31375 25.7455 25.7455 7.31375
-32.4412 -10.2159 -1.61803 16.5296
-14.9116 -10.2159 31.4412 10.8339
-31.4412 0 -18.4317 -10.2159
4.69572 16.5296 32.4412 9.21587
-14.9116 26.7455 -19.4317 10.8339
-1. 9.21587 25.1275 -26.7455
-16.5296 22.2253 -14.9116 21.0498
-7.31375 -1. 26.7455 -25.7455
-22.2253 14.9116 -22.2253 -14.9116
9.21587 25.7455 25.7455 -4.69572
-16.5296 10.2159 1.61803 32.4412
-21.0498 -16.5296 21.0498 -16.5296
-19.4317 10.8339 -14.9116 -26.7455
9.21587 32.4412 16.5296 4.69572
5.69572 26.7455 19.4317 17.5296
-25.7455 -1.61803 -10.2159 -25.7455
1.61803 35.9614 -5.69572 -10.2159
-1. 26.7455 -1. -26.7455
-31.4412 -17.5296 5.69572 10.2159
-16.5296 -9.21587 25.1275 21.0498
-22.2253 -16.5296 21.0498 14.9116
-26.7455 -14.9116 10.8339 19.4317
-16.5296 1.61803 10.2159 32.4412
-9.21587 -1. 26.7455 25.1275
-33.0592 -18.4317 0 0
-25.7455 -21.0498 16.5296 -7.31375
-26.7455 5.69572 -17.5296 19.4317
-33.0592 -5.69572 -17.5296 0
1.61803 5.69572 35.9614 10.2159
-4.69572 -5.69572 35.9614 -9.21587
1. 22.2253 14.9116 26.7455
-25.7455 -10.2159 -1.61803 -25.7455
-25.7455 9.21587 -25.1275 7.31375
-21.0498 14.9116 -22.2253 16.5296
4.69572 5.69572 35.9614 -9.21587
0 0 33.0592 -18.4317
-25.7455 7.31375 -25.7455 -7.31375
10.2159 16.5296 32.4412 -1.61803
-4.69572 32.4412 -16.5296 9.21587
0 10.8339 14.9116 -33.0592
-1. 26.7455 1. 26.7455
-7.31375 25.1275 -9.21587 25.7455
-16.5296 -7.31375 7.31375 -32.4412
-10.2159 -5.69572 17.5296 -31.4412
-17.5296 19.4317 -26.7455 -5.69572
10.8339 19.4317 26.7455 -14.9116
10.2159 35.9614 5.69572 1.61803
-10.2159 14.9116 -10.8339 -31.4412
-19.4317 -10.8339 14.9116 26.7455
-25.7455 -22.2253 14.9116 7.31375
-25.7455 -10.2159 1.61803 25.7455
-17.5296 -19.4317 26.7455 5.69572
-31.4412 -17.5296 -5.69572 -10.2159
-1. 7.31375 25.7455 26.7455
4.69572 35.9614 -5.69572 9.21587
-5.69572 10.2159 1.61803 -35.9614
-1.61803 32.4412 -16.5296 -10.2159
7.31375 25.7455 7.31375 -25.7455
-25.7455 -4.69572 -9.21587 25.7455
-10.2159 -16.5296 32.4412 -1.61803
-31.4412 -10.8339 -14.9116 10.2159
-1.61803 -5.69572 35.9614 10.2159
0 31.4412 -10.2159 18.4317
10.8339 31.4412 10.2159 14.9116
-16.5296 1.61803 -10.2159 -32.4412
-5.69572 1.61803 10.2159 -35.9614
-10.2159 25.7455 -25.7455 1.61803
9.21587 14.9116 22.2253 -25.1275
-10.2159 -5.69572 17.5296 31.4412
-26.7455 -25.7455 7.31375 -1.
0 17.5296 5.69572 33.0592
-10.2159 14.9116 -10.8339 31.4412
7.31375 14.9116 22.2253 25.7455
-26.7455 -14.9116 -10.8339 -19.4317
-19.4317 -17.5296 5.69572 -26.7455
-9.21587 -14.9116 22.2253 -25.1275
-16.5296 4.69572 -9.21587 32.4412
-10.8339 -19.4317 26.7455 -14.9116
-26.7455 -1. -26.7455 1.
10.2159 5.69572 35.9614 1.61803
10.2159 35.9614 -5.69572 -1.61803
0 17.5296 -5.69572 -33.0592
-5.69572 4.69572 9.21587 35.9614
-22.2253 -25.1275 9.21587 -14.9116
9.21587 25.7455 7.31375 25.1275
-16.5296 -9.21587 -4.69572 -32.4412
-14.9116 9.21587 -25.1275 -22.2253
18.4317 26.7455 19.4317 0
-4.69572 25.7455 -25.7455 -9.21587
-7.31375 16.5296 -21.0498 -25.7455
17.5296 31.4412 10.2159 -5.69572
14.9116 22.2253 14.9116 -22.2253
-16.5296 -9.21587 4.69572 32.4412
-18.4317 -26.7455 19.4317 0
-18.4317 10.2159 -31.4412 0
-10.8339 19.4317 -26.7455 14.9116
-21.0498 1. -26.7455 -16.5296
17.5296 19.4317 26.7455 5.69572
14.9116 10.2159 31.4412 -10.8339
7.31375 1. 26.7455 -25.7455
1. 22.2253 -14.9116 -26.7455
14.9116 33.0592 0 -10.8339
-26.7455 -14.9116 -10.8339 19.4317
-4.69572 -16.5296 32.4412 9.21587
-5.69572 10.2159 -1.61803 35.9614
-14.9116 -22.2253 14.9116 -22.2253
-22.2253 1. -26.7455 14.9116
7.31375 -5.69572 35.9614 -7.31375
-9.21587 16.5296 -21.0498 25.1275
1. -9.21587 25.1275 -26.7455
-19.4317 0 -18.4317 26.7455
-1.61803 -16.5296 32.4412 -10.2159
-25.1275 -7.31375 -25.7455 -9.21587
14.9116 10.2159 31.4412 10.8339
14.9116 33.0592 0 10.8339
-5.69572 4.69572 -9.21587 -35.9614
10.8339 31.4412 -10.2159 -14.9116
9.21587 25.7455 -7.31375 -25.1275
-14.9116 -21.0498 16.5296 22.2253
-21.0498 -25.1275 9.21587 16.5296
0 0 18.4317 33.0592
-25.1275 -26.7455 -1. -9.21587
14.9116 21.0498 16.5296 22.2253
-19.4317 -10.8339 -14.9116 -26.7455
7.31375 32.4412 -16.5296 7.31375
5.69572 9.21587 4.69572 -35.9614
-7.31375 -14.9116 22.2253 25.7455
-25.1275 -26.7455 1. 9.21587
-1.61803 25.7455 -25.7455 10.2159
10.2159 5.69572 17.5296 -31.4412
9.21587 32.4412 -16.5296 -4.69572
10.2159 18.4317 0 -31.4412
-25.1275 -9.21587 -25.1275 9.21587
-26.7455 -14.9116 -22.2253 -1.
10.8339 0 33.0592 14.9116
9.21587 -5.69572 35.9614 4.69572
-16.5296 -7.31375 -7.31375 32.4412
1. -7.31375 25.7455 26.7455
-26.7455 -25.7455 -7.31375 1.
-9.21587 -25.7455 25.7455 -4.69572
-14.9116 7.31375 -25.7455 22.2253
5.69572 -10.2159 31.4412 -17.5296
7.31375 25.7455 -7.31375 25.7455
-5.69572 -9.21587 4.69572 -35.9614
5.69572 26.7455 -19.4317 -17.5296
16.5296 26.7455 1. -21.0498
-9.21587 16.5296 -32.4412 4.69572
16.5296 7.31375 25.7455 -21.0498
9.21587 1. 26.7455 25.1275
-25.7455 -22.2253 -14.9116 -7.31375
1. 21.0498 -16.5296 26.7455
0 -10.8339 14.9116 -33.0592
-7.31375 16.5296 -32.4412 -7.31375
21.0498 16.5296 21.0498 -16.5296
-19.4317 -17.5296 -5.69572 26.7455
-7.31375 -25.7455 25.7455 7.31375
-25.7455 -21.0498 -16.5296 7.31375
5.69572 -10.2159 31.4412 17.5296
5.69572 26.7455 -19.4317 17.5296
5.69572 -1.61803 10.2159 -35.9614
0 19.4317 -26.7455 -18.4317
22.2253 25.1275 9.21587 -14.9116
-5.69572 -7.31375 7.31375 35.9614
-17.5296 -31.4412 10.2159 -5.69572
16.5296 9.21587 25.1275 21.0498
-22.2253 -16.5296 -21.0498 -14.9116
5.69572 7.31375 7.31375 35.9614
10.2159 5.69572 17.5296 31.4412
-21.0498 -25.1275 -9.21587 -16.5296
-16.5296 -26.7455 1. -21.0498
-17.5296 0 -33.0592 5.69572
10.2159 18.4317 0 31.4412
-10.2159 -18.4317 0 -31.4412
17.5296 0 33.0592 -5.69572
16.5296 26.7455 -1. 21.0498
21.0498 25.1275 9.21587 16.5296
-10.2159 -5.69572 -17.5296 -31.4412
-5.69572 -7.31375 -7.31375 -35.9614
-16.5296 -9.21587 -25.1275 -21.0498
22.2253 16.5296 21.0498 14.9116
17.5296 31.4412 -10.2159 5.69572
5.69572 7.31375 -7.31375 -35.9614
0 -19.4317 26.7455 18.4317
-22.2253 -25.1275 -9.21587 14.9116
-5.69572 1.61803 -10.2159 35.9614
-5.69572 -26.7455 19.4317 -17.5296
-5.69572 10.2159 -31.4412 -17.5296
25.7455 21.0498 16.5296 -7.31375
7.31375 25.7455 -25.7455 -7.31375
19.4317 17.5296 5.69572 -26.7455
-21.0498 -16.5296 -21.0498 16.5296
7.31375 -16.5296 32.4412 7.31375
0 10.8339 -14.9116 33.0592
-1. -21.0498 16.5296 -26.7455
25.7455 22.2253 14.9116 7.31375
-9.21587 -1. -26.7455 -25.1275
-16.5296 -7.31375 -25.7455 21.0498
9.21587 -16.5296 32.4412 -4.69572
-16.5296 -26.7455 -1. 21.0498
-5.69572 -26.7455 19.4317 17.5296
5.69572 9.21587 -4.69572 35.9614
-7.31375 -25.7455 7.31375 -25.7455
-5.69572 10.2159 -31.4412 17.5296
14.9116 -7.31375 25.7455 -22.2253
9.21587 25.7455 -25.7455 4.69572
26.7455 25.7455 7.31375 -1.
-1. 7.31375 -25.7455 -26.7455
16.5296 7.31375 7.31375 -32.4412
-9.21587 5.69572 -35.9614 -4.69572
26.7455 14.9116 22.2253 1.
-10.8339 0 -33.0592 -14.9116
25.1275 9.21587 25.1275 -9.21587
-10.2159 -18.4317 0 31.4412
-9.21587 -32.4412 16.5296 4.69572
-10.2159 -5.69572 -17.5296 31.4412
1.61803 -25.7455 25.7455 -10.2159
7.31375 14.9116 -22.2253 -25.7455
25.1275 26.7455 -1. -9.21587
-5.69572 -9.21587 -4.69572 35.9614
-7.31375 -32.4412 16.5296 -7.31375
19.4317 10.8339 14.9116 26.7455
-14.9116 -21.0498 -16.5296 -22.2253
25.1275 26.7455 1. 9.21587
0 0 -18.4317 -33.0592
21.0498 25.1275 -9.21587 -16.5296
14.9116 21.0498 -16.5296 -22.2253
-9.21587 -25.7455 7.31375 25.1275
-10.8339 -31.4412 10.2159 14.9116
5.69572 -4.69572 9.21587 35.9614
-14.9116 -33.0592 0 -10.8339
-14.9116 -10.2159 -31.4412 -10.8339
25.1275 7.31375 25.7455 9.21587
1.61803 16.5296 -32.4412 10.2159
19.4317 0 18.4317 -26.7455
-1. 9.21587 -25.1275 26.7455
9.21587 -16.5296 21.0498 -25.1275
-7.31375 5.69572 -35.9614 7.31375
22.2253 -1. 26.7455 -14.9116
14.9116 22.2253 -14.9116 22.2253
5.69572 -10.2159 1.61803 -35.9614
4.69572 16.5296 -32.4412 -9.21587
26.7455 14.9116 10.8339 -19.4317
-1. -22.2253 14.9116 26.7455
-14.9116 -33.0592 0 10.8339
-14.9116 -10.2159 -31.4412 10.8339
-7.31375 -1. -26.7455 25.7455
21.0498 -1. 26.7455 16.5296
-17.5296 -19.4317 -26.7455 -5.69572
18.4317 -10.2159 31.4412 0
10.8339 -19.4317 26.7455 -14.9116
18.4317 26.7455 -19.4317 0
16.5296 9.21587 -4.69572 -32.4412
-14.9116 -22.2253 -14.9116 22.2253
7.31375 -16.5296 21.0498 25.7455
4.69572 -25.7455 25.7455 9.21587
-17.5296 -31.4412 -10.2159 5.69572
-18.4317 -26.7455 -19.4317 0
14.9116 -9.21587 25.1275 22.2253
16.5296 9.21587 4.69572 32.4412
-9.21587 -25.7455 -7.31375 -25.1275
22.2253 25.1275 -9.21587 14.9116
5.69572 -4.69572 -9.21587 -35.9614
0 -17.5296 5.69572 33.0592
-10.2159 -35.9614 5.69572 1.61803
-10.2159 -5.69572 -35.9614 -1.61803
26.7455 1. 26.7455 -1.
10.8339 19.4317 -26.7455 14.9116
16.5296 -4.69572 9.21587 -32.4412
9.21587 14.9116 -22.2253 25.1275
-7.31375 -14.9116 -22.2253 -25.7455
19.4317 17.5296 -5.69572 26.7455
26.7455 14.9116 10.8339 19.4317
0 -17.5296 -5.69572 -33.0592
10.2159 -14.9116 10.8339 -31.4412
10.2159 5.69572 -17.5296 -31.4412
26.7455 25.7455 -7.31375 1.
-9.21587 -14.9116 -22.2253 25.1275
10.2159 -25.7455 25.7455 -1.61803
5.69572 -1.61803 -10.2159 35.9614
16.5296 -1.61803 10.2159 32.4412
-10.8339 -31.4412 -10.2159 -14.9116
0 -31.4412 10.2159 -18.4317
1.61803 5.69572 -35.9614 -10.2159
31.4412 10.8339 14.9116 -10.2159
10.2159 16.5296 -32.4412 1.61803
25.7455 4.69572 9.21587 -25.7455
-7.31375 -25.7455 -7.31375 25.7455
1.61803 -32.4412 16.5296 10.2159
5.69572 -10.2159 -1.61803 35.9614
-4.69572 -35.9614 5.69572 -9.21587
1. -7.31375 -25.7455 -26.7455
31.4412 17.5296 5.69572 10.2159
17.5296 19.4317 -26.7455 -5.69572
25.7455 10.2159 -1.61803 -25.7455
25.7455 22.2253 -14.9116 -7.31375
19.4317 10.8339 -14.9116 -26.7455
10.2159 -14.9116 10.8339 31.4412
-10.2159 -35.9614 -5.69572 -1.61803
-10.8339 -19.4317 -26.7455 14.9116
17.5296 -19.4317 26.7455 5.69572
10.2159 5.69572 -17.5296 31.4412
16.5296 7.31375 -7.31375 32.4412
1. -26.7455 -1. -26.7455
7.31375 -25.1275 9.21587 -25.7455
0 -10.8339 -14.9116 33.0592
4.69572 -32.4412 16.5296 -9.21587
-10.2159 -16.5296 -32.4412 1.61803
25.7455 -7.31375 25.7455 7.31375
-4.69572 -5.69572 -35.9614 9.21587
0 0 -33.0592 18.4317
25.7455 -9.21587 25.1275 -7.31375
21.0498 -14.9116 22.2253 -16.5296
-1. -22.2253 -14.9116 -26.7455
25.7455 10.2159 1.61803 25.7455
4.69572 5.69572 -35.9614 9.21587
-1.61803 -5.69572 -35.9614 -10.2159
33.0592 5.69572 17.5296 0
26.7455 -5.69572 17.5296 -19.4317
25.7455 21.0498 -16.5296 7.31375
16.5296 -1.61803 -10.2159 -32.4412
9.21587 1. -26.7455 -25.1275
33.0592 18.4317 0 0
22.2253 16.5296 -21.0498 -14.9116
26.7455 14.9116 -10.8339 -19.4317
31.4412 17.5296 -5.69572 -10.2159
16.5296 9.21587 -25.1275 -21.0498
1. -26.7455 1. 26.7455
-1.61803 -35.9614 5.69572 10.2159
25.7455 1.61803 10.2159 25.7455
-5.69572 -26.7455 -19.4317 -17.5296
19.4317 -10.8339 14.9116 26.7455
-9.21587 -32.4412 -16.5296 -4.69572
21.0498 16.5296 -21.0498 16.5296
16.5296 -10.2159 -1.61803 -32.4412
22.2253 -14.9116 22.2253 14.9116
-9.21587 -25.7455 -25.7455 4.69572
7.31375 1. -26.7455 25.7455
16.5296 -22.2253 14.9116 -21.0498
1. -9.21587 -25.1275 26.7455
14.9116 -26.7455 19.4317 -10.8339
-4.69572 -16.5296 -32.4412 -9.21587
31.4412 0 18.4317 10.2159
14.9116 10.2159 -31.4412 -10.8339
32.4412 10.2159 1.61803 -16.5296
26.7455 -5.69572 17.5296 19.4317
-7.31375 -25.7455 -25.7455 -7.31375
10.2159 -14.9116 -10.8339 -31.4412
26.7455 14.9116 -10.8339 19.4317
9.21587 -25.1275 9.21587 25.1275
-4.69572 -35.9614 -5.69572 9.21587
-1. -21.0498 -16.5296 26.7455
-5.69572 -26.7455 -19.4317 17.5296
16.5296 -21.0498 16.5296 21.0498
14.9116 -26.7455 19.4317 10.8339
-7.31375 -32.4412 -16.5296 7.31375
10.2159 -32.4412 16.5296 1.61803
10.2159 5.69572 -35.9614 -1.61803
32.4412 1.61803 10.2159 -16.5296
14.9116 10.2159 -31.4412 10.8339
25.7455 -7.31375 7.31375 -25.7455
16.5296 -10.2159 1.61803 32.4412
-1.61803 -35.9614 -5.69572 -10.2159
0 -19.4317 -26.7455 -18.4317
32.4412 4.69572 9.21587 16.5296
16.5296 7.31375 -25.7455 21.0498
19.4317 -17.5296 5.69572 -26.7455
10.8339 0 -33.0592 -14.9116
35.9614 9.21587 4.69572 -5.69572
16.5296 -4.69572 -9.21587 32.4412
5.69572 -33.0592 0 -17.5296
-1.61803 -16.5296 -32.4412 10.2159
26.7455 -16.5296 21.0498 1.
7.31375 -16.5296 -21.0498 -25.7455
32.4412 10.2159 -1.61803 16.5296
35.9614 7.31375 7.31375 5.69572
5.69572 -10.2159 -31.4412 -17.5296
26.7455 14.9116 -22.2253 -1.
25.7455 1.61803 -10.2159 -25.7455
10.8339 -31.4412 10.2159 14.9116
0 -31.4412 -10.2159 18.4317
10.2159 -14.9116 -10.8339 31.4412
7.31375 -35.9614 5.69572 -7.31375
25.7455 4.69572 -9.21587 25.7455
9.21587 -25.1275 -9.21587 -25.1275
5.69572 -33.0592 0 17.5296
7.31375 -5.69572 -35.9614 7.31375
31.4412 -10.8339 14.9116 -10.2159
5.69572 -10.2159 -31.4412 17.5296
25.1275 -21.0498 16.5296 -9.21587
19.4317 0 -18.4317 26.7455
14.9116 -26.7455 1. -22.2253
9.21587 -5.69572 -35.9614 -4.69572
35.9614 -1.61803 10.2159 -5.69572
7.31375 -25.1275 -9.21587 25.7455
9.21587 -35.9614 5.69572 4.69572
25.7455 -9.21587 4.69572 25.7455
1.61803 -32.4412 -16.5296 -10.2159
25.1275 9.21587 -25.1275 9.21587
35.9614 9.21587 -4.69572 5.69572
19.4317 -10.8339 -14.9116 -26.7455
31.4412 10.8339 -14.9116 10.2159
25.7455 -9.21587 -4.69572 -25.7455
14.9116 -9.21587 -25.1275 -22.2253
25.1275 7.31375 -25.7455 -9.21587
32.4412 4.69572 -9.21587 -16.5296
9.21587 -16.5296 -21.0498 25.1275
25.1275 -22.2253 14.9116 9.21587
1.61803 -25.7455 -25.7455 10.2159
17.5296 -31.4412 10.2159 -5.69572
21.0498 -1. -26.7455 -16.5296
35.9614 7.31375 -7.31375 -5.69572
7.31375 -16.5296 -32.4412 -7.31375
35.9614 -4.69572 9.21587 5.69572
17.5296 0 -33.0592 5.69572
32.4412 -9.21587 4.69572 -16.5296
14.9116 -7.31375 -25.7455 22.2253
32.4412 -7.31375 7.31375 16.5296
4.69572 -25.7455 -25.7455 -9.21587
22.2253 -25.7455 7.31375 -14.9116
14.9116 -26.7455 -1. 22.2253
7.31375 -35.9614 -5.69572 7.31375
21.0498 -25.7455 7.31375 16.5296
4.69572 -32.4412 -16.5296 9.21587
25.7455 -7.31375 -7.31375 25.7455
10.8339 -31.4412 -10.2159 -14.9116
19.4317 -17.5296 -5.69572 26.7455
9.21587 -35.9614 -5.69572 -4.69572
9.21587 -16.5296 -32.4412 4.69572
33.0592 -14.9116 10.8339 0
22.2253 -1. -26.7455 14.9116
16.5296 -21.0498 -16.5296 -21.0498
32.4412 1.61803 -10.2159 16.5296
26.7455 -18.4317 0 -19.4317
26.7455 -5.69572 -17.5296 -19.4317
33.0592 5.69572 -17.5296 0
10.8339 -19.4317 -26.7455 14.9116
26.7455 -25.1275 9.21587 -1.
32.4412 -7.31375 -7.31375 -16.5296
26.7455 1. -26.7455 1.
31.4412 0 -18.4317 -10.2159
26.7455 -18.4317 0 19.4317
10.2159 -32.4412 -16.5296 -1.61803
26.7455 -5.69572 -17.5296 19.4317
21.0498 -25.7455 -7.31375 -16.5296
18.4317 -33.0592 0 0
16.5296 -22.2253 -14.9116 21.0498
31.4412 -17.5296 5.69572 10.2159
10.2159 -25.7455 -25.7455 1.61803
18.4317 -10.2159 -31.4412 0
35.9614 -10.2159 1.61803 -5.69572
32.4412 -9.21587 -4.69572 16.5296
14.9116 -26.7455 -19.4317 -10.8339
22.2253 -14.9116 -22.2253 -14.9116
35.9614 -1.61803 -10.2159 5.69572
25.7455 -7.31375 -25.7455 -7.31375
35.9614 -4.69572 -9.21587 -5.69572
21.0498 -14.9116 -22.2253 16.5296
25.7455 -26.7455 -1. -7.31375
17.5296 -19.4317 -26.7455 -5.69572
35.9614 -10.2159 -1.61803 5.69572
14.9116 -26.7455 -19.4317 10.8339
25.7455 -26.7455 1. 7.31375
22.2253 -25.7455 -7.31375 14.9116
17.5296 -31.4412 -10.2159 5.69572
25.7455 -9.21587 -25.1275 7.31375
31.4412 -17.5296 -5.69572 -10.2159
31.4412 -10.8339 -14.9116 10.2159
25.1275 -22.2253 -14.9116 -9.21587
26.7455 -16.5296 -21.0498 -1.
33.0592 -14.9116 -10.8339 0
25.1275 -21.0498 -16.5296 9.21587
26.7455 -25.1275 -9.21587 1.