4OFF
# Vertices for 3{5}3 , 4D real representation
120

# Vertices.  Each line is the XYZW coordinates of one vertex.
5.85411 4.53457 17.9443 -7.33709
0 0 20.5623 2.80252
-1.61804 11.8717 16.9443 0
-6.85411 2.80252 17.9443 -7.33709
9.47214 7.33709 16.3263 4.53457
1. -7.33709 17.9443 -7.33709
11.0902 -4.53457 16.9443 0
-11.0902 4.53457 16.3263 4.53457
-1.61804 11.8717 12.0902 -11.8717
8.47214 14.6742 11.0902 -4.53457
-1. 7.33709 15.3263 11.8717
-9.47214 -7.33709 16.9443 0
0 0 12.7082 -16.4062
16.3263 4.53457 11.0902 -4.53457
1.61804 -11.8717 16.3263 4.53457
11.0902 -4.53457 12.0902 -11.8717
6.85411 -2.80252 15.3263 11.8717
-5.85411 -4.53457 15.3263 11.8717
9.47214 7.33709 8.47214 -14.6742
-12.0902 11.8717 11.0902 -4.53457
4.23607 16.4062 9.47214 7.33709
-9.47214 -7.33709 12.0902 -11.8717
16.9443 0 9.47214 7.33709
8.47214 -14.6742 11.0902 -4.53457
-8.47214 14.6742 9.47214 7.33709
-2.61804 19.2088 6.85411 -2.80252
-16.9443 0 11.0902 -4.53457
-11.0902 4.53457 8.47214 -14.6742
15.3263 11.8717 5.85411 4.53457
9.47214 7.33709 8.47214 14.6742
-4.23607 -16.4062 11.0902 -4.53457
1.61804 -11.8717 8.47214 -14.6742
17.9443 -7.33709 6.85411 -2.80252
12.0902 -11.8717 9.47215 7.33709
-11.0902 4.53457 8.47214 14.6742
-16.3263 -4.53457 9.47214 7.33709
4.23607 16.4062 1.61803 -11.8717
-1. 7.33709 2.61804 -19.2088
15.3263 11.8717 1. -7.33709
0 0 7.85411 19.2088
6.85411 -2.80252 2.61804 -19.2088
-8.47214 -14.6742 9.47215 7.33709
1.61804 -11.8717 8.47214 14.6742
16.9443 0 1.61804 -11.8717
-8.47214 14.6742 1.61803 -11.8717
-17.9443 7.33709 5.85411 4.53457
7.85411 19.2088 0 0
-1.61804 11.8717 4.23607 16.4062
-15.3263 -11.8717 6.85411 -2.80252
-5.85411 -4.53457 2.61804 -19.2088
2.61804 -19.2088 5.85411 4.53457
11.0902 -4.53457 4.23607 16.4062
20.5623 2.80252 0 0
12.0902 -11.8717 1.61804 -11.8717
-12.7082 16.4062 0 0
-17.9443 7.33709 1. -7.33709
-2.61804 19.2088 -1. 7.33709
-16.3263 -4.53457 1.61804 -11.8717
8.47214 14.6742 -1.61804 11.8717
-9.47214 -7.33709 4.23607 16.4062
9.47214 7.33709 -4.23607 -16.4062
-8.47214 -14.6742 1.61804 -11.8717
16.3263 4.53457 -1.61804 11.8717
2.61804 -19.2088 1. -7.33709
12.7082 -16.4062 0 0
17.9443 -7.33709 -1. 7.33709
-20.5623 -2.80252 0 0
-12.0902 11.8717 -1.61804 11.8717
-2.61804 19.2088 -5.85411 -4.53457
-11.0902 4.53457 -4.23607 -16.4062
15.3263 11.8717 -6.85411 2.80252
5.85411 4.53457 -2.61804 19.2088
1.61804 -11.8717 -4.23607 -16.4062
-7.85411 -19.2088 0 0
8.47214 -14.6742 -1.61803 11.8717
17.9443 -7.33709 -5.85411 -4.53457
-16.9443 0 -1.61804 11.8717
-1.61804 11.8717 -8.47214 -14.6742
-15.3263 -11.8717 -1. 7.33709
-6.85411 2.80252 -2.61804 19.2088
8.47214 14.6742 -9.47215 -7.33709
0 0 -7.85411 -19.2088
1. -7.33709 -2.61804 19.2088
-4.23607 -16.4062 -1.61803 11.8717
16.3263 4.53457 -9.47214 -7.33709
11.0902 -4.53457 -8.47214 -14.6742
-12.0902 11.8717 -9.47215 -7.33709
-17.9443 7.33709 -6.85411 2.80252
-1.61804 11.8717 -8.47214 14.6742
4.23607 16.4062 -11.0902 4.53457
-15.3263 -11.8717 -5.85411 -4.53457
-9.47214 -7.33709 -8.47214 -14.6742
2.61804 -19.2088 -6.85411 2.80252
11.0902 -4.53457 -8.47214 14.6742
16.9443 0 -11.0902 4.53457
8.47214 -14.6742 -9.47214 -7.33709
-16.9443 0 -9.47214 -7.33709
-8.47214 14.6742 -11.0902 4.53457
-4.23607 -16.4062 -9.47214 -7.33709
9.47214 7.33709 -12.0902 11.8717
12.0902 -11.8717 -11.0902 4.53457
-9.47214 -7.33709 -8.47214 14.6742
5.85411 4.53457 -15.3263 -11.8717
-16.3263 -4.53457 -11.0902 4.53457
-11.0902 4.53457 -12.0902 11.8717
-1.61804 11.8717 -16.3263 -4.53457
-6.85411 2.80252 -15.3263 -11.8717
-8.47214 -14.6742 -11.0902 4.53457
9.47214 7.33709 -16.9443 0
0 0 -12.7082 16.4062
1. -7.33709 -15.3263 -11.8717
1.61804 -11.8717 -12.0902 11.8717
11.0902 -4.53457 -16.3263 -4.53457
-11.0902 4.53457 -16.9443 0
-1. 7.33709 -17.9443 7.33709
-9.47214 -7.33709 -16.3263 -4.53457
1.61804 -11.8717 -16.9443 0
6.85411 -2.80252 -17.9443 7.33709
-5.85411 -4.53457 -17.9443 7.33709
0 0 -20.5623 -2.80252