4OFF
# Vertices for 5{4}2 , 4D real representation
25

# Vertices.  Each line is the XYZW coordinates of one vertex.
-0.3090169969172261 -0.951056511734393 0.3090170204706923 0.951056511550858
-0.309016991832644 -0.951056520855923 -0.809016976051674 0.5877852714693839
0.809016991832665 -0.5877852477316983 0.3090170223889885 0.95105651217415
0.809016996917246 -0.5877852568532289 -0.809016974133377 0.5877852720926759
-0.3090169984884488 -0.951056508915685 1.000000005747151 -0.00000001952841510721726
0.809016998488469 -0.5877852596719365 -0.809016999285623 -0.5877852324922701
-0.3090169902614226 -0.951056523674631 -0.809017001203919 -0.5877852331155622
0.809016990261442 -0.5877852449129897 1.000000007665446 -0.00000001890512313362791
-0.3090169943749356 -0.951056516295158 0.3090169797735046 -0.951056521039449
0.809016994374956 -0.5877852522924629 0.3090169816918003 -0.951056520416157
-1.000000002542291 0.000000004560752189103345 0.3090170106100294 0.951056508346933
-0.999999997457709 -0.000000004560778296691659 -0.809016985912337 0.5877852682654598
0.80901699183265 0.587785256853249 0.3090170137138974 0.951056509355441
0.809016996917232 0.5877852477317184 -0.809016982808469 0.5877852692739677
-1.000000004113514 0.000000007379460494061352 0.999999995886488 -0.0000000227323392054668
0.809016998488454 0.5877852449130101 -0.809017007960714 -0.5877852353109787
0.809016990261427 0.5877852596719571 0.999999998990356 -0.00000002172383167797776
-0.999999995886488 -0.000000007379485800207419 -0.809017011064583 -0.5877852363194865
-0.3090169969172508 0.951056520855915 0.3090170064341 0.951056506990091
-0.3090169918326688 0.951056511734385 -0.809016990088266 0.5877852669086179
-1. -0.00000000000001289940376736354 0.3090169699128409 -0.951056524243374
0.80901699437494 0.5877852522924838 0.3090169730167093 -0.951056523234866
-0.309016998488473 0.951056523674624 0.999999991710558 -0.00000002408918098328883
-0.3090169902614468 0.951056508915677 -0.809017015240512 -0.5877852376763284
-0.3090169943749598 0.95105651629515 0.3090169657369119 -0.951056525600216