4OFF
# Vertices for 3{4}3 , 4D real representation
24

# Vertices.  Each line is the XYZW coordinates of one vertex.
-0.866025403764648 -0.5000000000342811 0.7071067601580205 1.224744883532415
-0.866025403725064 -1.500000000034283 -0.0000000003690261429767361 0.0000000002130598475424961
-1.732050807568879 -0.00000000006856165635227285 -0.00000003235072926210947 0.00000001867770454966333
-0.86602537738997 0.4999999850633603 -0.7071068127526329 1.224744877928466
0.0000000264538449479268 -1.00000001490236 -0.7071067807709303 1.224744859463821
-0.00000002637467905186597 -0.999999985097642 1.414213572910652 0.000000005603950081756182
-0.866025430218493 0.5000000148680776 1.414213540928951 0.00000002406859545001083
-0.866025377350388 -0.5000000149366407 -1.414213573279681 -0.00000000539089045625829
-0.86602543017891 -0.4999999851319233 0.7071067804019039 -1.224744859250761
0.86602540380423 -0.4999999999657193 0.7071067925087505 1.224744864854711
-0.00000000003958298966377782 1. 0.707106760527048 1.224744883319356
0.866025403843814 -1.499999999965721 0.00000003198170306362158 -0.00000001846464459109853
-0.866025403843815 1.49999999996572 -0.00000003198170261953237 0.00000001846464514621005
0.0000000000395820598519947 -1.000000000000001 -0.707106760527047 -1.224744883319356
-0.866025403804231 0.4999999999657192 -0.7071067925087497 -1.224744864854711
0.86602543017891 0.4999999851319224 -0.7071067804019031 1.224744859250762
0.866025377350385 0.50000001493664 1.414213573279681 0.000000005390890012169081
0.00000002637467683141992 0.999999985097643 -1.414213572910654 -0.000000005603949859711577
-0.00000002645384622468328 1.000000014902359 0.7071067807709314 -1.224744859463821
0.866025430218492 -0.500000014868079 -1.414213540928952 -0.0000000240685960606335
0.866025377389969 -0.4999999850633604 0.7071068127526337 -1.224744877928466
1.732050807568878 0.00000000006856126777421423 0.00000003235072998375443 -0.00000001867770491048582
0.866025403725064 1.500000000034282 0.0000000003690269201328533 -0.0000000002130599585647985
0.866025403764647 0.5000000000342811 -0.7071067601580201 -1.224744883532417