4OFF
# Vertices for 3{5/2}3 , 4D real representation
120

# Vertices.  Each line is the XYZW coordinates of one vertex.
17.9443 7.33712 5.85413 4.53459
12.0902 11.8717 11.0902 -4.53459
11.0902 4.53459 16.3263 4.53458
8.47217 14.6742 9.47218 7.33711
16.9443 0 11.0902 -4.53459
11.0902 4.53459 8.47218 14.6742
16.3263 -4.53459 9.47218 7.33711
12.7083 16.4063 0 0
17.9443 7.33712 1. -7.33712
20.5624 -2.80253 0 0
12.0902 11.8717 -1.61804 11.8717
17.9443 7.33712 -6.85413 2.80253
16.9443 0 -1.61804 11.8717
6.85413 2.80253 17.9443 -7.33712
1.61804 11.8717 16.9443 0
1. 7.33712 15.3263 11.8717
2.61805 19.2088 6.85413 -2.80253
9.47217 -7.33712 16.9443 0
11.0902 4.53459 8.47217 -14.6742
8.47217 14.6742 1.61804 -11.8717
5.85413 -4.53459 15.3263 11.8717
2.61805 19.2088 -1. 7.33712
1.61804 11.8717 4.23609 16.4063
16.3263 -4.53459 1.61804 -11.8717
15.3263 -11.8717 6.85413 -2.80253
0 0 20.5624 2.80252
1.61804 11.8717 12.0902 -11.8717
9.47218 -7.33712 4.23609 16.4063
12.0902 11.8717 -9.47218 -7.33711
6.85413 2.80253 -2.61804 19.2088
8.47217 14.6742 -11.0902 4.53459
16.9443 0 -9.47218 -7.33711
15.3263 -11.8717 -1. 7.33712
-4.23609 16.4063 9.47218 7.33711
9.47218 -7.33712 12.0902 -11.8717
11.0902 4.53459 -12.0902 11.8717
16.3263 -4.53459 -11.0902 4.53459
2.61805 19.2088 -5.85413 -4.53459
0 0 7.85414 19.2088
11.0902 4.53459 -4.23609 -16.4063
8.47217 -14.6742 9.47218 7.33711
1.61804 11.8717 -8.47217 14.6742
15.3263 -11.8717 -5.85413 -4.53459
-5.85413 4.53459 17.9443 -7.33712
9.47218 -7.33712 -8.47217 14.6742
11.0902 4.53459 -16.9443 0
-8.47217 14.6742 11.0902 -4.53459
-9.47218 7.33712 16.3263 4.53458
0 0 12.7083 -16.4063
-1.00001 -7.33712 17.9443 -7.33712
-6.85413 -2.80253 15.3263 11.8717
-4.23609 16.4063 1.61804 -11.8717
1. 7.33712 2.61804 -19.2088
-1.61804 -11.8717 16.3263 4.53458
-7.85413 19.2088 0 0
-9.47218 7.33712 8.47218 14.6742
4.23608 -16.4063 11.0902 -4.53459
5.85413 -4.53459 2.61804 -19.2088
-8.47217 14.6742 -1.61804 11.8717
1.61804 11.8717 -8.47218 -14.6742
-1.61804 -11.8717 8.47218 14.6742
8.47217 -14.6742 1.61804 -11.8717
-5.85413 4.53459 -2.61804 19.2088
-4.23608 16.4063 -11.0902 4.53459
9.47218 -7.33712 -8.47218 -14.6742
7.85413 -19.2088 0 0
1.61804 11.8717 -16.3263 -4.53458
-1. -7.33712 -2.61804 19.2088
6.85413 2.80253 -15.3263 -11.8717
4.23609 -16.4063 -1.61804 11.8717
0 0 -12.7083 16.4063
1.00001 7.33712 -17.9443 7.33712
9.47218 -7.33712 -16.3263 -4.53458
8.47217 -14.6742 -11.0902 4.53459
-9.47218 7.33712 8.47217 -14.6742
-11.0902 -4.53459 16.9443 0
5.85413 -4.53459 -17.9443 7.33712
-15.3263 11.8717 5.85413 4.53459
-1.61804 -11.8717 8.47217 -14.6742
-8.47217 14.6742 -9.47218 -7.33711
-11.0902 -4.53459 4.23609 16.4063
0 0 -7.85414 -19.2088
-2.61805 -19.2088 5.85413 4.53459
-16.3263 4.53459 11.0902 -4.53459
-11.0902 -4.53459 12.0902 -11.8717
-9.47218 7.33712 -12.0902 11.8717
4.23609 -16.4063 -9.47218 -7.33711
-15.3263 11.8717 1. -7.33712
-16.9443 0 9.47218 7.33711
-6.85413 -2.80253 2.61804 -19.2088
-8.47217 -14.6742 11.0902 -4.53459
-12.0902 -11.8717 9.47218 7.33711
-9.47218 7.33712 -4.23609 -16.4063
0 0 -20.5624 -2.80252
-1.61804 -11.8717 -12.0902 11.8717
-16.3263 4.53459 -1.61804 11.8717
-15.3263 11.8717 -6.85413 2.80253
-1.61804 -11.8717 -4.23609 -16.4063
-2.61805 -19.2088 1. -7.33712
-5.85413 4.53459 -15.3263 -11.8717
-8.47217 -14.6742 -1.61804 11.8717
-11.0902 -4.53459 -8.47217 14.6742
-9.47217 7.33712 -16.9443 0
-2.61805 -19.2088 -6.85413 2.80253
-1. -7.33712 -15.3263 -11.8717
-1.61804 -11.8717 -16.9443 0
-6.85413 -2.80253 -17.9443 7.33712
-16.9443 0 1.61804 -11.8717
-17.9443 -7.33712 6.85413 -2.80253
-20.5624 2.80253 0 0
-12.0902 -11.8717 1.61804 -11.8717
-12.7083 -16.4063 0 0
-16.3263 4.53459 -9.47218 -7.33711
-17.9443 -7.33712 -1. 7.33712
-11.0902 -4.53459 -8.47218 -14.6742
-16.9443 0 -11.0902 4.53459
-8.47217 -14.6742 -9.47218 -7.33711
-12.0902 -11.8717 -11.0902 4.53459
-11.0902 -4.53459 -16.3263 -4.53458
-17.9443 -7.33712 -5.85413 -4.53459