4OFF
# Vertices for 3{5}3 , 4D real representation
120

# Vertices.  Each line is the XYZW coordinates of one vertex.
0.7905693886956737 0.6123726526653863 2.42329094801573 -0.99083940345529
0.000000003991240338230284 0.0000002209940088704343 2.776844377429871 0.3784669995993492
-0.2185080864248338 1.6032120186599 2.288245486315025 -0.0000000000835583061076228
-0.925614808460574 0.3784671131175854 2.423290968713244 -0.990839400634348
1.279168139379205 0.990839655296513 2.20478289365735 0.6123724412272567
0.1350454294518488 -0.990839229419231 2.423291074204795 -0.99083938625649
1.497676229033016 -0.6123721845754719 2.288245657003939 0.00000002318030311824255
-1.497676222575064 0.6123725421512973 2.204782927146639 0.6123724457916373
-0.2185080876581926 1.603211950368997 1.632721461515462 -1.60321185536363
1.144122711922984 1.981678995212751 1.497676044314606 -0.6123724459268382
-0.1350454229938863 0.99083958699505 2.069737509945782 1.603211855228432
-1.27916813292125 -0.990839297720692 2.288245690493228 0.00000002774468284977294
0.000000001995620418915323 0.0000001104970083765089 1.716184224862051 -2.215584273410586
2.204782949835406 0.612372652675935 1.497676149806158 -0.6123724315489819
0.2185080928827935 -1.60321166108407 2.204783097835552 0.6123724690554949
1.497676227799662 -0.6123722528663782 1.632721632204378 -1.60321183209977
0.925614814918539 -0.3784667555417658 2.06973761543733 1.603211869606287
-0.7905693822377149 -0.6123722950895601 2.06973763613485 1.603211872427226
1.279168137383593 0.990839544799511 1.144122741089528 -1.98167883178268
-1.632721650031288 1.603211882067536 1.497676077803894 -0.612372441362457
0.5720612978084999 2.215584424246464 1.279168002747999 0.990839400499146
-1.279168134154606 -0.990839366011595 1.632721665693662 -1.603211827535392
2.288245613266352 0.0000002210110878753113 1.279168173436914 0.99083942376301
1.144122903338995 -1.981678663704652 1.497676353984359 -0.6123724037207436
-1.144122899347753 1.981678884698665 1.279168023445517 0.990839403320089
-0.3535535146433155 2.594051316370035 0.92561459403137 -0.3784669997345511
-2.288245609275112 -0.00000000001707700647557431 1.497676203992962 -0.6123724241636626
-1.497676224570677 0.6123724316542903 1.144122774578815 -1.9816788272183
2.069737522850283 1.603212018676975 0.7905692823220654 0.6123724240800988
1.279168138145845 0.990839587005605 1.14412271173621 1.981678827134735
-0.5720612938172634 -2.215584203252442 1.497676374681877 -0.612372400899801
0.218508090887176 -1.603211771581076 1.14412294526773 -1.981678803954441
2.423291038726959 -0.990839229402154 0.925614870211837 -0.3784669620928303
1.632721654022526 -1.603211661073521 1.27916829962598 0.990839440961801
-1.497676223808424 0.6123724738603887 1.1441227452255 1.981678831699119
-2.20478294584417 -0.612372431681922 1.27916822762372 0.990839431148327
0.5720612958128836 2.215584313749458 0.2185078501801759 -1.603211872510788
-0.1350454262228639 0.990839408207144 0.3535533325783958 -2.594051273061576
2.069737521616926 1.603211950386069 0.1350452575225023 -0.990839431199974
0.000000001995615631078529 0.0000001104970013821038 1.060660152567823 2.594051273009935
0.925614811689561 -0.3784669343296724 0.3535534380699473 -2.594051258683721
-1.144122707931746 -1.98167877421874 1.279168333115268 0.990839445526186
0.2185080916494297 -1.603211729374981 1.144122915914413 1.981678854962974
2.288245611270737 0.0000001105140807755589 0.2185080208690919 -1.603211849246926
-1.144122901343367 1.981678774201662 0.2185078708776967 -1.603211869689848
-2.42329103626024 0.990839365983963 0.7905693365088718 0.6123724314654205
1.060660046496418 2.594051316380588 -0.0000002041781991257707 -0.00000002782824144037521
-0.2185080884204547 1.603211908162888 0.5720612614529761 2.215584273327024
-2.069737520383563 -1.603211882095165 0.92561492439864 -0.3784669547075116
-0.7905693854666954 -0.6123724738774678 0.3535534587674657 -2.594051255862777
0.3535535171100364 -2.594051179788222 0.7905696126893369 0.6123724691071343
1.497676227037399 -0.6123722950724824 0.5720614321418898 2.215584296590883
2.776844361954267 0.378467113145214 -0.00000003348928601099033 -0.000000004564381886340563
1.63272165202691 -1.603211771570529 0.2185081470581594 -1.603211832048128
-1.716184315457848 2.215584203235372 -0.000000170688909284511 -0.00000002326386194795305
-2.423291037493595 0.990839297693061 0.13504531170931 -0.990839423814652
-0.353553515876678 2.594051248079129 -0.1350455878897676 0.990839386172931
-2.204782947839783 -0.6123725421789242 0.2185080750558958 -1.603211841861608
1.144122709927361 1.981678884715741 -0.2185081805474428 1.603211827483745
-1.279168134916871 -0.990839408217702 0.5720614656311782 2.215584301155267
1.27916813491687 0.990839408217698 -0.5720614656311746 -2.215584301155271
-1.14412270992736 -1.981678884715742 0.2185081805474435 -1.603211827483752
2.204782947839787 0.6123725421789256 -0.2185080750558932 1.603211841861601
0.353553515876676 -2.594051248079125 0.1350455878897725 -0.990839386172938
1.716184315457851 -2.215584203235373 0.0000001706889168340275 0.00000002326385556070121
2.4232910374936 -0.990839297693062 -0.1350453117093044 0.990839423814646
-2.77684436195427 -0.3784671131452149 0.00000003348929278335078 0.000000004564376911153634
-1.632721652026909 1.603211771570525 -0.218508147058155 1.603211832048127
-0.3535535171100368 2.594051179788224 -0.7905696126893313 -0.6123724691071414
-1.497676227037399 0.6123722950724818 -0.572061432141886 -2.215584296590892
2.069737520383562 1.603211882095162 -0.925614924398636 0.3784669547075073
0.7905693854666937 0.6123724738774659 -0.3535534587674616 2.594051255862777
0.2185080884204508 -1.603211908162887 -0.5720612614529718 -2.21558427332703
-1.060660046496417 -2.594051316380591 0.0000002041782024564398 0.0000000278282358823212
1.144122901343371 -1.981678774201664 -0.2185078708776905 1.60321186968984
2.423291036260242 -0.990839365983966 -0.790569336508865 -0.6123724314654199
-2.288245611270738 -0.0000001105140854384956 -0.2185080208690859 1.603211849246926
-0.218508091649431 1.603211729374982 -1.14412291591441 -1.981678854962981
-2.069737521616926 -1.603211950386075 -0.1350452575224947 0.99083943119997
-0.925614811689563 0.3784669343296672 -0.3535534380699428 2.59405125868372
1.144122707931746 1.981678774218736 -1.279168333115265 -0.99083944552619
-0.00000000199561556168959 -0.000000110497001895582 -1.06066015256782 -2.594051273009938
0.1350454262228631 -0.990839408207145 -0.3535533325783917 2.594051273061572
-0.5720612958128848 -2.215584313749458 -0.218507850180173 1.603211872510783
2.20478294584417 0.6123724316819157 -1.279168227623714 -0.990839431148331
1.497676223808424 -0.6123724738603951 -1.144122745225495 -1.981678831699123
-1.632721654022522 1.603211661073524 -1.279168299625977 -0.990839440961809
-2.42329103872696 0.990839229402151 -0.925614870211831 0.3784669620928295
-0.2185080908871741 1.603211771581078 -1.144122945267727 1.981678803954433
0.5720612938172631 2.215584203252447 -1.497676374681873 0.6123724008997949
-2.069737522850286 -1.603212018676979 -0.79056928232206 -0.6123724240801032
-1.279168138145848 -0.990839587005607 -1.144122711736207 -1.981678827134743
0.353553514643314 -2.594051316370036 -0.925614594031365 0.378466999734544
1.49767622457068 -0.6123724316542958 -1.144122774578812 1.981678827218294
2.288245609275118 0.00000000001707389785110536 -1.49767620399296 0.6123724241636549
1.144122899347751 -1.981678884698665 -1.279168023445513 -0.990839403320095
-2.288245613266354 -0.0000002210110853217984 -1.279168173436908 -0.99083942376301
-1.144122903338992 1.981678663704653 -1.497676353984355 0.6123724037207376
-0.5720612978085046 -2.215584424246462 -1.279168002747992 -0.99083940049915
1.279168134154609 0.990839366011593 -1.632721665693661 1.603211827535388
1.632721650031285 -1.603211882067538 -1.497676077803889 0.6123724413624546
-1.279168137383591 -0.990839544799512 -1.144122741089519 1.981678831782675
0.790569382237721 0.6123722950895523 -2.069737636134846 -1.603211872427229
-2.204782949835411 -0.6123726526759386 -1.49767614980615 0.6123724315489807
-1.497676227799661 0.6123722528663741 -1.632721632204372 1.603211832099768
-0.2185080928827911 1.603211661084073 -2.204783097835548 -0.6123724690555004
-0.92561481491854 0.37846675554176 -2.069737615437328 -1.603211869606289
-1.144122711922985 -1.981678995212753 -1.497676044314597 0.6123724459268358
1.279168132921253 0.990839297720683 -2.288245690493222 -0.00000002774468295385635
-0.000000001995620474426474 -0.000000110497012095756 -1.716184224862048 2.215584273410582
0.1350454229938873 -0.990839586995053 -2.06973750994578 -1.603211855228435
0.2185080876581903 -1.603211950368997 -1.632721461515457 1.603211855363626
1.497676222575065 -0.6123725421513032 -2.204782927146634 -0.6123724457916408
-1.497676229033021 0.6123721845754712 -2.288245657003936 -0.00000002318030509952616
-0.1350454294518455 0.990839229419226 -2.423291074204792 0.990839386256488
-1.27916813937921 -0.990839655296517 -2.204782893657346 -0.6123724412272552
0.2185080864248295 -1.603212018659901 -2.28824548631502 0.0000000000835541531796213
0.925614808460579 -0.3784671131175894 -2.423290968713242 0.990839400634343
-0.7905693886956765 -0.6123726526653846 -2.423290948015721 0.990839403455286
-0.000000003991238617384596 -0.0000002209940153097278 -2.776844377429869 -0.378466999599353