4OFF
# Vertices for 2{8}3 , 4D real representation
48

# Vertices.  Each line is the XYZW coordinates of one vertex.
30.0399 3.03465 18.798 -5.44949
19.5719 0 -5.44949 -29.6969
35.5523 0 1. 5.4495
21.4928 16.5373 -14.3485 -18.798
21.4928 -3.03464 15.3485 -24.2475
30.0399 -16.5373 -10.899 0
16.5373 30.0399 0 -10.899
27.0053 13.5026 -5.44949 18.798
16.5373 10.468 -29.697 -5.44949
19.0151 -10.468 -28.697 0
16.5373 30.0399 0 10.899
19.0151 -30.0399 1. -5.4495
16.5373 10.468 29.697 5.4495
4.95556 -13.5026 -14.3485 -29.697
2.47779 27.0053 14.3485 -18.798
3.03465 -10.468 24.2475 -24.2475
3.03465 -30.0399 -5.44949 -18.798
13.5026 -27.0053 18.798 5.44949
-10.468 16.5373 5.44949 -29.6969
0 19.5719 29.697 -5.44949
14.0595 3.03464 -14.3485 29.697
0 19.5719 -29.697 5.4495
10.468 3.03464 24.2475 24.2475
14.0595 -16.5373 15.3485 24.2475
-10.468 -3.03464 -24.2475 -24.2475
-14.0595 16.5373 -15.3485 -24.2475
0 -19.5719 29.697 -5.4495
-14.0595 -3.03464 14.3485 -29.697
10.468 -16.5373 -5.44949 29.6969
0 -19.5719 -29.697 5.44949
-3.03465 30.0399 5.44949 18.798
-13.5026 27.0053 -18.798 -5.44949
-3.03465 10.468 -24.2475 24.2475
-2.47779 -27.0053 -14.3485 18.798
-16.5373 -10.468 -29.697 -5.4495
-4.95556 13.5026 14.3485 29.697
-19.0151 30.0399 -1. 5.4495
-16.5373 -30.0399 0 -10.899
-19.0151 10.468 28.697 0
-27.0053 -13.5026 5.44949 -18.798
-16.5373 -10.468 29.697 5.44949
-16.5373 -30.0399 0 10.899
-30.0399 16.5373 10.899 0
-21.4928 3.03464 -15.3485 24.2475
-21.4928 -16.5373 14.3485 18.798
-35.5523 0 -1. -5.4495
-19.5719 0 5.44949 29.6969
-30.0399 -3.03465 -18.798 5.44949