4OFF
# Vertices for 2{6}5 , 4D real representation
240

# Vertices.  Each line is the XYZW coordinates of one vertex.
-111.54 -138.101 362.967 133.921
67.5392 -14.5533 317.713 274.733
-77.6877 -17.1084 402.352 113.92
-18.0573 -91.5496 266.842 318.246
115.242 -185.351 342.944 126.281
89.3127 -258.213 260.493 196.687
129.89 -94.3456 391.825 43.5135
-134.475 -245.575 288.052 140.813
146.524 63.8677 337.483 204.327
-101.886 -159.584 189.851 330.608
-36.2303 105.559 402.352 82.7675
-179.476 65.239 277.525 260.202
-257.525 -33.5771 248.667 227.839
-83.8584 157.669 279.217 267.093
54.641 -305.8 152.543 247.84
-41.8429 -185.351 371.802 -82.7673
228.308 -114.553 183.093 287.094
131.824 5.89514 402.352 -43.5134
-1. -288.691 309.768 -43.5133
288.757 -88.7867 236.545 184.326
-144.246 -329.011 184.941 133.921
-78.5899 -63.8677 397.442 -113.919
145.511 -129.107 111.718 361.76
211.167 136.037 324.219 113.92
-272.226 -91.5496 313.536 -20.0007
-175.742 -211.998 94.2765 310.607
105.257 97.4449 143.708 374.121
8.77345 217.893 362.967 43.5135
-310.366 -129.107 195.468 173.175
-20.6096 70.7979 122.245 401.014
-269.789 34.7611 326.801 20.0011
19.9679 234.666 253.578 247.84
39.9408 -363.772 217.411 0
320.94 -54.3291 266.842 63.5143
246.397 -258.213 231.634 -12.3613
-248.015 -208.899 269.58 -58.0447
220.821 114.553 151.103 310.607
-144.459 37.2207 88.8162 388.653
-240.943 157.669 308.076 58.0451
48.4703 -131.022 29.4078 401.014
-107.644 63.8676 384.177 -133.92
204.523 -208.355 288.052 -113.92
264.153 -282.796 152.543 90.4071
14.6207 -323.452 29.6606 274.733
120.854 105.559 373.494 -126.281
76.9719 -403.244 103.773 43.5135
256.051 -279.697 58.5187 184.326
142.628 -138.101 316.274 -204.327
321.707 -14.5534 271.019 -63.5144
-332.827 -211.998 123.135 101.559
121.84 288.691 203.116 204.327
-139.897 -380.241 63.7263 113.92
-199.527 -305.8 199.236 -90.4069
314.769 120.448 143.708 216.688
255.139 194.89 279.217 12.3612
-254.168 0 46.6934 338.247
-188.512 265.143 259.194 90.4072
-232.395 -243.66 -10.5269 260.202
-53.315 -120.112 -55.7811 401.014
-126.161 185.351 333.307 -140.812
52.9185 308.899 288.052 0
-282.21 191.246 114.3 227.839
222.886 -249.219 -41.2334 260.201
66.7716 -54.3291 313.536 -274.733
-357.938 120.112 131.333 146.282
-178.858 243.66 86.0785 287.094
-131.508 -372.767 109.389 -113.919
-90.9308 -208.899 240.722 -267.093
337.328 -49.3144 -9.08769 254.732
377.906 114.553 122.245 101.558
-338.997 -37.2205 0 254.732
-398.628 37.2207 135.51 50.4055
-57.9981 272.222 49.4312 318.246
-117.628 346.664 184.941 113.92
-26.8308 -309.443 -96.1248 274.733
254.168 0 -46.6936 338.247
-182.945 -114.553 258.645 -260.201
98.0542 194.89 308.076 -196.687
106.468 -403.244 -20.0234 82.7674
9.98447 -282.796 199.236 -247.84
387.468 -93.8015 29.4078 146.282
290.984 26.6469 248.667 -184.326
-322.707 -274.138 38.7482 20.0011
146.129 49.3144 -79.7289 388.652
-257.051 -8.99443 251.249 -227.839
211.785 314.458 132.772 140.812
109.922 -329.011 138.248 -204.327
399.679 -129.107 65.0247 23.5124
-400.297 -49.3143 126.422 -50.4051
68.5392 274.138 7.94519 318.246
-121.854 -394.25 -63.7263 82.7675
167.903 -194.346 -136.949 310.607
-15.6207 34.761 280.107 -318.246
274.136 234.665 206.884 -90.4072
-149.882 -97.4448 -135.51 361.76
23.7855 93.8015 -104.96 401.014
-305.996 97.4449 219.259 -173.174
-132.329 288.691 249.81 -133.92
372.767 -151.774 94.2765 -101.558
199.1 -343.02 63.7263 -140.812
-266.299 -251.47 -114.3 184.326
-362.783 -131.022 104.96 -146.282
188.367 249.219 -34.3185 287.094
91.8834 369.667 184.941 -43.5135
-50.6163 -403.244 8.83489 -126.281
404.05 97.4448 88.8162 -23.5127
-390.643 -70.7977 -46.6934 146.282
-100.886 129.107 -119.916 374.121
-324.987 194.346 165.807 -101.558
-35.2303 394.25 92.5844 126.281
268.789 -323.452 -17.0329 -63.5144
309.366 -159.585 114.3 -216.688
125.543 -363.772 -141.86 113.92
231.777 65.2389 201.974 -287.094
-215.683 151.774 -123.135 310.607
-312.167 272.222 96.1248 -20.0008
-65.6559 -265.143 -212.501 247.84
-280.999 -309.443 -49.4312 -63.5142
289.757 199.904 -73.2229 227.839
96.4839 -120.448 -219.259 330.608
-289.757 -199.904 73.2229 -227.839
280.999 309.443 49.4312 63.5142
-96.4839 120.448 219.259 -330.608
65.6559 265.143 212.501 -247.84
215.683 -151.774 123.135 -310.607
312.167 -272.222 -96.1248 20.0008
-231.777 -65.2389 -201.974 287.094
-125.543 363.772 141.86 -113.92
-309.366 159.585 -114.3 216.688
-268.789 323.452 17.0329 63.5144
35.2303 -394.25 -92.5844 -126.281
390.643 70.7977 46.6934 -146.282
100.886 -129.107 119.916 -374.121
324.987 -194.346 -165.807 101.558
-404.05 -97.4448 -88.8162 23.5127
50.6163 403.244 -8.83489 126.281
-91.8834 -369.667 -184.941 43.5135
362.783 131.022 -104.96 146.282
-188.367 -249.219 34.3185 -287.094
266.299 251.47 114.3 -184.326
-372.767 151.774 -94.2765 101.558
-199.1 343.02 -63.7263 140.812
305.996 -97.4449 -219.259 173.174
132.329 -288.691 -249.81 133.92
-23.7855 -93.8015 104.96 -401.014
149.882 97.4448 135.51 -361.76
-274.136 -234.665 -206.884 90.4072
15.6207 -34.761 -280.107 318.246
121.854 394.25 63.7263 -82.7675
-167.903 194.346 136.949 -310.607
400.297 49.3143 -126.422 50.4051
-68.5392 -274.138 -7.94519 -318.246
-109.922 329.011 -138.248 204.327
-399.679 129.107 -65.0247 -23.5124
-211.785 -314.458 -132.772 -140.812
257.051 8.99443 -251.249 227.839
322.707 274.138 -38.7482 -20.0011
-146.129 -49.3144 79.7289 -388.652
-290.984 -26.6469 -248.667 184.326
-9.98447 282.796 -199.236 247.84
-387.468 93.8015 -29.4078 -146.282
-106.468 403.244 20.0234 -82.7674
182.945 114.553 -258.645 260.201
-98.0542 -194.89 -308.076 196.687
-254.168 0 46.6936 -338.247
26.8308 309.443 96.1248 -274.733
398.628 -37.2207 -135.51 -50.4055
117.628 -346.664 -184.941 -113.92
57.9981 -272.222 -49.4312 -318.246
338.997 37.2205 0 -254.732
90.9308 208.899 -240.722 267.093
-377.906 -114.553 -122.245 -101.558
131.508 372.767 -109.389 113.919
-337.328 49.3144 9.08769 -254.732
357.938 -120.112 -131.333 -146.282
178.858 -243.66 -86.0785 -287.094
-66.7716 54.3291 -313.536 274.733
-222.886 249.219 41.2334 -260.201
282.21 -191.246 -114.3 -227.839
-52.9185 -308.899 -288.052 0
126.161 -185.351 -333.307 140.812
232.395 243.66 10.5269 -260.202
53.315 120.112 55.7811 -401.014
254.168 0 -46.6934 -338.247
188.512 -265.143 -259.194 -90.4072
-255.139 -194.89 -279.217 -12.3612
199.527 305.8 -199.236 90.4069
-314.769 -120.448 -143.708 -216.688
139.897 380.241 -63.7263 -113.92
332.827 211.998 -123.135 -101.559
-121.84 -288.691 -203.116 -204.327
-321.707 14.5534 -271.019 63.5144
-142.628 138.101 -316.274 204.327
-76.9719 403.244 -103.773 -43.5135
-256.051 279.697 -58.5187 -184.326
-120.854 -105.559 -373.494 126.281
-14.6207 323.452 -29.6606 -274.733
-204.523 208.355 -288.052 113.92
-264.153 282.796 -152.543 -90.4071
107.644 -63.8676 -384.177 133.92
-48.4703 131.022 -29.4078 -401.014
144.459 -37.2207 -88.8162 -388.653
240.943 -157.669 -308.076 -58.0451
248.015 208.899 -269.58 58.0447
-220.821 -114.553 -151.103 -310.607
-246.397 258.213 -231.634 12.3613
-320.94 54.3291 -266.842 -63.5143
-39.9408 363.772 -217.411 0
269.789 -34.7611 -326.801 -20.0011
310.366 129.107 -195.468 -173.175
20.6096 -70.7979 -122.245 -401.014
-19.9679 -234.666 -253.578 -247.84
-8.77345 -217.893 -362.967 -43.5135
272.226 91.5496 -313.536 20.0007
175.742 211.998 -94.2765 -310.607
-105.257 -97.4449 -143.708 -374.121
144.246 329.011 -184.941 -133.921
-211.167 -136.037 -324.219 -113.92
78.5899 63.8677 -397.442 113.919
-145.511 129.107 -111.718 -361.76
-288.757 88.7867 -236.545 -184.326
1. 288.691 -309.768 43.5133
41.8429 185.351 -371.802 82.7673
-131.824 -5.89514 -402.352 43.5134
-228.308 114.553 -183.093 -287.094
-54.641 305.8 -152.543 -247.84
257.525 33.5771 -248.667 -227.839
83.8584 -157.669 -279.217 -267.093
179.476 -65.239 -277.525 -260.202
101.886 159.584 -189.851 -330.608
36.2303 -105.559 -402.352 -82.7675
134.475 245.575 -288.052 -140.813
-146.524 -63.8677 -337.483 -204.327
-89.3127 258.213 -260.493 -196.687
-129.89 94.3456 -391.825 -43.5135
-115.242 185.351 -342.944 -126.281
18.0573 91.5496 -266.842 -318.246
77.6877 17.1084 -402.352 -113.92
111.54 138.101 -362.967 -133.921
-67.5392 14.5533 -317.713 -274.733