4OFF
# Vertices for 3{3}2 , 4D real representation
24

# Vertices.  Each line is the XYZW coordinates of one vertex.
37.2827 40.7541 39.787 -54.9278
7.50084 57.0372 65.8897 0
31.3442 53.3051 -28.4605 -54.9278
67.7663 -1.73205 -6.21512 -54.9278
-4.75314 2.73205 77.4859 -40.2099
27.8647 55.3051 28.2631 54.9278
-35.1485 54.3051 -43.0077 -40.2099
-39.9016 57.0372 34.4782 40.2099
15.7335 52.3051 -68.3198 0
76.6124 -41.7541 6.17175 0
-42.0358 -38.022 37.6989 -54.9278
-66.4927 1. -14.5472 -54.9278
66.4927 -1. 14.5472 54.9278
42.0358 38.022 -37.6989 54.9278
-76.6124 41.7541 -6.17175 0
-15.7335 -52.3051 68.3198 0
39.9016 -57.0372 -34.4782 -40.2099
-27.8647 -55.3051 -28.2631 -54.9278
35.1485 -54.3051 43.0077 40.2099
-67.7663 1.73205 6.21512 54.9278
4.75314 -2.73205 -77.4859 40.2099
-31.3442 -53.3051 28.4605 54.9278
-7.50084 -57.0372 -65.8897 0
-37.2827 -40.7541 -39.787 54.9278