4OFF
# Vertices for 3{4}4 , 4D real representation
72

# Vertices.  Each line is the XYZW coordinates of one vertex.
0.866025593207658 0.5000000667357819 1.866025288728454 0.5000000345683064
0.5000000956070105 -0.866025365254515 1.366025386399846 1.366025410601427
1.866025475369726 -0.4999999896644126 0.866025227290725 0.5000000488716992
0.000000171552960531729 -0.999999922946811 1.86602544719171 0.4999999921082074
0.5000001162418163 0.866025442314361 1.366025309346656 1.366025431247764
1.000000211848826 0.00000007705984206296534 1.866025298939411 -0.4999999675892629
0.866025397827679 -0.5000000103174067 0.4999999264817317 1.866025423483601
1.366025493434688 -1.366025375571922 0.999999916074487 0.0000000246465733377832
1.866025438123544 0.4999999896892476 0.4999997782294329 0.866025463786129
-0.999999894075577 0.00000005640019506980565 1.366025506759874 1.366025378351055
-0.866025214361209 0.5000000873705965 1.866025472194924 0.4999999854086159
-0.4999997984685679 -0.866025308854323 1.866025496352628 -0.5000000204859719
0.00000001191350989734885 1. 0.4999999514849476 1.866025416784007
0.866025581294149 -0.4999999332642199 1.366025337243507 -1.366025382215702
0.5000000836934985 -1.866025365254515 0.8660254349149 -0.5000000061825797
0.4999999493867231 -1.866025421661366 0.00000002789227121491322 0.999999991947843
1.366025525983004 1.366025431996952 0.866025199398455 -0.499999943076146
1.366025391676227 1.366025375590104 -0.000000207624174963783 1.000000055054279
0.999999894075579 -0.0000000564001927383373 -0.5000001099527824 1.8660254310874
1.866025487283236 0.5000000103355864 0.4999997819685793 -0.866025343782747
1.36602530996822 -1.366025452625111 -0.5000000857950775 0.866025425192811
-0.4999997778337625 0.866025498714553 1.866025419299439 -0.4999999998396333
-0.866025409741189 -0.4999999896825919 0.5000001099482018 1.86602537432391
-0.4999999938485485 -1.86602538590751 0.5000001341059084 0.866025368429321
0.5000001281553259 1.866025442314359 0.999999864024512 0.00000003859331831890245
1.866025426210035 -0.5000000103107539 -0.0000001732555132416547 -0.999999952997879
1.866025291903257 -0.5000000667176017 -0.866025580278143 0.5000000451325467
-1.366025342516535 -1.366025354943762 0.866025608170414 0.4999999468152981
-0.4999999002270304 1.866025442307706 0.866025372653968 0.5000000099217337
0.0000001953799800835654 1.000000077053186 1.366025362246722 -1.366025388915293
-0.5000001162418154 -0.86602544231436 -0.4999999125395631 1.866025378190691
1.366025359127911 -1.366025431978774 -0.5000000820559314 -0.866025382376066
1.866025303816766 0.4999999332823974 -1.000000219900985 0.00000005676348990846236
-0.866025226274719 -0.4999999126294055 1.366025520709977 -1.366025431375391
-0.5000000956070111 0.866025365254518 -0.4999999895927533 1.866025398837028
-0.4999999446888558 -1.866025365261168 0.5000001378450536 -0.866025439139554
0.4999999446888555 1.86602536526117 -0.5000001378450529 0.866025439139557
0.5000000956070098 -0.866025365254518 0.4999999895927552 -1.866025398837027
0.866025226274719 0.4999999126294052 -1.366025520709977 1.366025431375392
-1.866025303816767 -0.4999999332823962 1.000000219900985 -0.00000005676348985295121
-1.36602535912791 1.366025431978772 0.5000000820559326 0.866025382376065
0.5000001162418142 0.866025442314357 0.4999999125395647 -1.86602537819069
-0.0000001953799794174316 -1.00000007705319 -1.366025362246722 1.366025388915295
0.4999999002270295 -1.866025442307707 -0.866025372653967 -0.5000000099217333
1.366025342516534 1.366025354943763 -0.866025608170414 -0.4999999468152968
-1.866025291903254 0.5000000667176016 0.866025580278142 -0.5000000451325456
-1.866025426210031 0.5000000103107533 0.0000001732555147820891 0.999999952997877
-0.5000001281553259 -1.86602544231436 -0.99999986402451 -0.00000003859331709765712
0.4999999938485474 1.866025385907507 -0.500000134105907 -0.866025368429321
0.866025409741188 0.499999989682591 -0.5000001099482003 -1.866025374323909
0.4999997778337637 -0.866025498714555 -1.866025419299439 0.4999999998396355
-1.866025487283235 -0.5000000103355844 -0.4999997819685779 0.866025343782748
-1.366025309968218 1.36602545262511 0.5000000857950782 -0.866025425192811
-0.999999894075579 0.0000000564001927383373 0.5000001099527836 -1.866025431087398
-1.366025391676226 -1.366025375590102 0.0000002076241760740061 -1.000000055054278
-1.366025525983004 -1.366025431996953 -0.866025199398453 0.499999943076146
-0.4999999493867226 1.866025421661364 -0.00000002789226966060099 -0.999999991947843
-0.5000000836935 1.866025365254514 -0.866025434914898 0.5000000061825821
-0.866025581294148 0.4999999332642182 -1.366025337243505 1.366025382215701
-0.00000001191351074736335 -1. -0.4999999514849456 -1.866025416784007
0.4999997984685674 0.866025308854321 -1.866025496352628 0.5000000204859721
0.999999894075578 -0.00000005640019651309558 -1.366025506759873 -1.366025378351055
0.866025214361208 -0.5000000873705965 -1.866025472194923 -0.4999999854086163
-1.366025493434687 1.366025375571922 -0.999999916074484 -0.00000002464657239409362
-1.866025438123543 -0.4999999896892463 -0.499999778229432 -0.866025463786128
-0.866025397827678 0.5000000103174048 -0.4999999264817316 -1.866025423483599
-1.000000211848825 -0.00000007705984284012146 -1.866025298939408 0.4999999675892633
-0.5000001162418152 -0.866025442314361 -1.366025309346654 -1.366025431247764
-0.0000001715529601153953 0.999999922946809 -1.866025447191708 -0.4999999921082079
-1.866025475369724 0.499999989664412 -0.866025227290723 -0.5000000488716968
-0.50000009560701 0.866025365254514 -1.366025386399845 -1.366025410601425
-0.866025593207657 -0.5000000667357827 -1.866025288728453 -0.5000000345683063