4OFF
# Vertices for 4{6}2 , 4D real representation
96

# Vertices.  Each line is the XYZW coordinates of one vertex.
-5.82843 -1. 2.41422 2.41422
-5.82843 -3.41422 1. 0
-5.82843 0 -1. 3.41422
-5.82843 -2.41421 -2.41421 1.
-4.82843 2.41422 3.41422 2.41422
-3.41422 -2.41421 4.82843 2.41421
-4.82843 -2.41421 3.41422 -2.41422
-5.82843 1. 2.41422 -2.41422
-3.41422 1. 0 5.82843
-5.82843 3.41422 1. 0
-2.41421 -2.41422 1. 5.82843
-2.41422 -4.82843 2.41422 3.41422
-5.82843 2.41422 -2.41422 -1.
-5.82843 0 -1. -3.41422
-4.82843 2.41422 -3.41422 2.41422
-3.41422 -5.82843 0 -1.
-2.41422 -5.82843 -1. 2.41422
-2.41422 -3.41422 -2.41421 4.82843
-2.41421 1. 5.82843 2.41421
-4.82843 -2.41421 -3.41422 -2.41421
-3.41422 -2.41422 -4.82843 2.41422
-2.41421 4.82843 2.41422 3.41422
-1. -3.41422 5.82843 0
-3.41422 2.41422 4.82843 -2.41422
-2.41422 -1. 5.82843 -2.41422
-1. 2.41422 2.41422 5.82843
0 -1. 3.41422 5.82843
-2.41421 3.41422 -2.41421 4.82843
-2.41422 -4.82843 2.41422 -3.41422
-3.41422 5.82843 0 1.
0 -5.82843 3.41422 1.
-3.41422 -1. 0 -5.82843
0 -1. -3.41422 5.82843
-2.41422 -2.41422 -5.82843 -1.
-1. 3.41422 5.82843 0
1. 0 5.82843 3.41422
-3.41422 2.41422 -4.82843 -2.41421
-1. -5.82843 -2.41422 -2.41422
-2.41422 -3.41422 -2.41422 -4.82843
-2.41422 2.41421 -5.82843 1.
-1. 0 -5.82843 3.41422
0 -5.82843 -3.41422 1.
-2.41421 4.82843 2.41421 -3.41422
2.41422 -3.41422 2.41422 4.82843
-1. 5.82843 -2.41422 2.41422
-2.41422 2.41422 1. -5.82843
-1. -2.41421 2.41421 -5.82843
-2.41421 5.82843 -1. -2.41421
1. 2.41421 -2.41421 5.82843
1. -5.82843 2.41422 -2.41422
2.41422 -2.41422 -1. 5.82843
2.41421 -5.82843 1. 2.41421
-2.41422 3.41422 -2.41422 -4.82843
2.41421 -4.82843 -2.41421 3.41422
3.41422 -2.41422 4.82843 2.41421
1. 5.82843 2.41422 2.41422
1. 0 5.82843 -3.41422
2.41422 3.41422 2.41422 4.82843
0 5.82843 3.41422 -1.
2.41422 -2.41421 5.82843 -1.
-1. 0 -5.82843 -3.41422
1. -3.41422 -5.82843 0
2.41422 2.41422 5.82843 1.
0 1. 3.41422 -5.82843
3.41422 1. 0 5.82843
0 5.82843 -3.41422 -1.
3.41422 -5.82843 0 -1.
2.41422 4.82843 -2.41422 3.41422
2.41421 -3.41422 2.41421 -4.82843
1. -2.41422 -2.41422 -5.82843
1. 3.41422 -5.82843 0
0 1. -3.41422 -5.82843
2.41421 -4.82843 -2.41422 -3.41422
2.41422 1. -5.82843 2.41422
3.41422 -2.41422 -4.82843 2.41422
4.82843 2.41421 3.41422 2.41421
3.41422 2.41422 4.82843 -2.41422
2.41421 -1. -5.82843 -2.41421
2.41422 5.82843 1. -2.41422
2.41422 3.41422 2.41421 -4.82843
3.41422 5.82843 0 1.
4.82843 -2.41422 3.41422 -2.41422
5.82843 0 1. 3.41422
5.82843 -2.41422 2.41422 1.
3.41422 -1. 0 -5.82843
2.41422 4.82843 -2.41422 -3.41422
2.41421 2.41422 -1. -5.82843
4.82843 2.41421 -3.41422 2.41422
5.82843 -3.41422 -1. 0
5.82843 -1. -2.41422 2.41422
3.41422 2.41421 -4.82843 -2.41421
4.82843 -2.41422 -3.41422 -2.41422
5.82843 2.41421 2.41421 -1.
5.82843 0 1. -3.41422
5.82843 3.41422 -1. 0
5.82843 1. -2.41422 -2.41422