4OFF
# Vertices for 5{3}2 , 4D real representation
600

# Vertices.  Each line is the XYZW coordinates of one vertex.
7.31376 26.7455 1. 25.7455
0 33.0593 0 18.4317
16.5296 25.7455 7.31376 21.0498
-1. 25.1275 9.21587 26.7455
14.9116 25.7455 -7.31376 22.2254
9.21587 22.2254 14.9116 25.1275
5.69572 31.4412 -10.2159 17.5296
4.69572 35.9614 5.69572 9.21587
14.9116 31.4412 10.2159 10.8339
10.2159 17.5296 5.69572 31.4412
1. 25.1275 -9.21587 26.7455
-5.69572 31.4412 10.2159 17.5296
22.2254 26.7455 -1. 14.9116
-7.31376 26.7455 -1. 25.7455
19.4317 18.4317 0 26.7455
10.8339 26.7455 19.4317 14.9116
7.31376 35.9614 -5.69572 7.31376
1.61804 32.4412 16.5296 10.2159
17.5296 33.0593 0 5.69572
21.0498 21.0498 16.5296 16.5296
-4.69572 35.9614 -5.69572 9.21587
0 14.9116 10.8339 33.0593
9.21587 21.0498 -16.5296 25.1275
-7.31376 35.9614 5.69572 7.31376
25.1275 25.1275 9.21587 9.21587
-14.9116 25.7455 7.31376 22.2254
1. 16.5296 21.0498 26.7455
-9.21587 21.0498 16.5296 25.1275
10.8339 26.7455 -19.4317 14.9116
26.7455 17.5296 -5.69572 19.4317
21.0498 22.2254 -14.9116 16.5296
5.69572 10.2159 -1.61804 35.9614
0 14.9116 -10.8339 33.0593
10.2159 35.9614 5.69572 -1.61804
10.2159 32.4412 16.5296 1.61804
14.9116 14.9116 22.2254 22.2254
-1.61804 32.4412 -16.5296 10.2159
-10.2159 17.5296 -5.69572 31.4412
16.5296 9.21587 -4.69572 32.4412
5.69572 19.4317 26.7455 17.5296
-10.8339 26.7455 19.4317 14.9116
9.21587 32.4412 -16.5296 4.69572
25.7455 25.1275 -9.21587 7.31376
-9.21587 22.2254 -14.9116 25.1275
16.5296 7.31376 7.31376 32.4412
-16.5296 25.7455 -7.31376 21.0498
25.7455 9.21587 4.69572 25.7455
-1.61804 25.7455 25.7455 10.2159
18.4317 31.4412 -10.2159 0
-5.69572 10.2159 1.61804 35.9614
10.2159 10.8339 -14.9116 31.4412
-9.21587 32.4412 16.5296 4.69572
26.7455 26.7455 1. 1.
9.21587 35.9614 -5.69572 -4.69572
9.21587 25.7455 25.7455 4.69572
-14.9116 31.4412 -10.2159 10.8339
26.7455 10.8339 14.9116 19.4317
5.69572 4.69572 9.21587 35.9614
-1. 16.5296 -21.0498 26.7455
-19.4317 18.4317 0 26.7455
-10.2159 10.8339 14.9116 31.4412
25.7455 7.31376 -7.31376 25.7455
16.5296 14.9116 -22.2254 21.0498
19.4317 5.69572 17.5296 26.7455
-10.8339 26.7455 -19.4317 14.9116
-17.5296 33.0593 0 5.69572
31.4412 14.9116 10.8339 10.2159
-22.2254 26.7455 1. 14.9116
32.4412 10.2159 1.61804 16.5296
25.7455 16.5296 21.0498 7.31376
-10.2159 35.9614 -5.69572 -1.61804
7.31376 7.31376 25.7455 25.7455
1.61804 25.7455 -25.7455 10.2159
-9.21587 35.9614 5.69572 -4.69572
26.7455 22.2254 14.9116 -1.
-21.0498 22.2254 14.9116 16.5296
31.4412 14.9116 -10.8339 10.2159
1.61804 35.9614 5.69572 -10.2159
17.5296 26.7455 19.4317 -5.69572
-16.5296 9.21587 4.69572 32.4412
19.4317 5.69572 -17.5296 26.7455
-10.2159 32.4412 -16.5296 1.61804
22.2254 9.21587 25.1275 14.9116
-7.31376 9.21587 25.1275 25.7455
14.9116 19.4317 -26.7455 10.8339
5.69572 1.61804 -10.2159 35.9614
-5.69572 4.69572 -9.21587 35.9614
4.69572 32.4412 16.5296 -9.21587
14.9116 31.4412 10.2159 -10.8339
-16.5296 14.9116 22.2254 21.0498
25.1275 16.5296 -21.0498 9.21587
10.2159 0 18.4317 31.4412
-5.69572 19.4317 -26.7455 17.5296
-5.69572 1.61804 10.2159 35.9614
7.31376 9.21587 -25.1275 25.7455
7.31376 16.5296 32.4412 7.31376
-18.4317 31.4412 10.2159 0
33.0593 17.5296 5.69572 0
7.31376 32.4412 -16.5296 -7.31376
18.4317 19.4317 26.7455 0
-1.61804 35.9614 -5.69572 -10.2159
0 10.2159 31.4412 18.4317
10.2159 25.7455 -25.7455 1.61804
-10.2159 25.7455 25.7455 1.61804
25.7455 25.7455 -7.31376 -7.31376
-7.31376 32.4412 16.5296 -7.31376
25.1275 25.7455 7.31376 -9.21587
-14.9116 19.4317 26.7455 10.8339
26.7455 21.0498 -16.5296 -1.
16.5296 -1.61804 -10.2159 32.4412
-16.5296 7.31376 -7.31376 32.4412
25.7455 -1.61804 10.2159 25.7455
-21.0498 21.0498 -16.5296 16.5296
-4.69572 16.5296 32.4412 9.21587
17.5296 26.7455 -19.4317 -5.69572
-26.7455 17.5296 5.69572 19.4317
32.4412 4.69572 -9.21587 16.5296
7.31376 25.7455 25.7455 -7.31376
10.8339 33.0593 0 -14.9116
-14.9116 14.9116 -22.2254 22.2254
16.5296 -4.69572 9.21587 32.4412
-25.7455 25.1275 9.21587 7.31376
35.9614 10.2159 -1.61804 5.69572
16.5296 1. 26.7455 21.0498
-25.1275 25.1275 -9.21587 9.21587
32.4412 1.61804 10.2159 16.5296
-9.21587 25.7455 -25.7455 4.69572
17.5296 10.2159 31.4412 5.69572
-4.69572 32.4412 -16.5296 -9.21587
-19.4317 5.69572 17.5296 26.7455
22.2254 7.31376 -25.7455 14.9116
5.69572 -7.31376 7.31376 35.9614
-7.31376 7.31376 -25.7455 25.7455
-1. -1. 26.7455 26.7455
4.69572 16.5296 -32.4412 9.21587
-25.7455 9.21587 -4.69572 25.7455
0 -5.69572 17.5296 33.0593
0 10.2159 -31.4412 18.4317
25.7455 -4.69572 -9.21587 25.7455
-4.69572 25.7455 25.7455 -9.21587
21.0498 26.7455 -1. -16.5296
-25.7455 7.31376 7.31376 25.7455
26.7455 0 -18.4317 19.4317
-26.7455 26.7455 -1. 1.
35.9614 4.69572 9.21587 5.69572
-17.5296 26.7455 19.4317 -5.69572
31.4412 18.4317 0 -10.2159
9.21587 16.5296 32.4412 -4.69572
5.69572 31.4412 -10.2159 -17.5296
-10.8339 33.0593 0 -14.9116
25.7455 14.9116 22.2254 -7.31376
-16.5296 -1.61804 10.2159 32.4412
14.9116 1. -26.7455 22.2254
5.69572 -9.21587 -4.69572 35.9614
-10.2159 0 -18.4317 31.4412
-25.1275 16.5296 21.0498 9.21587
33.0593 10.8339 -14.9116 0
-19.4317 5.69572 -17.5296 26.7455
16.5296 -10.2159 -1.61804 32.4412
26.7455 7.31376 25.7455 1.
-14.9116 31.4412 -10.2159 -10.8339
-5.69572 31.4412 10.2159 -17.5296
22.2254 21.0498 16.5296 -14.9116
4.69572 5.69572 35.9614 9.21587
4.69572 25.7455 -25.7455 -9.21587
-5.69572 -7.31376 -7.31376 35.9614
0 -5.69572 -17.5296 33.0593
9.21587 -7.31376 25.7455 25.1275
-7.31376 16.5296 -32.4412 7.31376
-5.69572 -9.21587 4.69572 35.9614
1. -1. -26.7455 26.7455
-26.7455 10.8339 -14.9116 19.4317
25.7455 -10.2159 1.61804 25.7455
-14.9116 1. 26.7455 22.2254
17.5296 10.2159 -31.4412 5.69572
-10.2159 16.5296 32.4412 -1.61803
22.2254 22.2254 -14.9116 -14.9116
14.9116 0 33.0593 10.8339
25.1275 -1. 26.7455 9.21587
-7.31376 25.7455 -25.7455 -7.31376
-17.5296 26.7455 -19.4317 -5.69572
0 26.7455 19.4317 -18.4317
16.5296 25.1275 9.21587 -21.0498
-22.2254 7.31376 25.7455 14.9116
-31.4412 14.9116 10.8339 10.2159
-5.69572 0 33.0593 17.5296
35.9614 1.61804 -10.2159 5.69572
10.2159 16.5296 -32.4412 -1.61804
26.7455 9.21587 -25.1275 1.
-26.7455 21.0498 16.5296 -1.
35.9614 9.21587 -4.69572 -5.69572
-25.7455 25.7455 7.31376 -7.31376
35.9614 7.31376 7.31376 -5.69572
-16.5296 -4.69572 -9.21587 32.4412
10.2159 -10.8339 -14.9116 31.4412
-32.4412 10.2159 -1.61804 16.5296
32.4412 -7.31376 -7.31376 16.5296
-7.31376 5.69572 35.9614 7.31376
-17.5296 10.2159 31.4412 5.69572
14.9116 19.4317 -26.7455 -10.8339
25.1275 14.9116 -22.2254 -9.21587
-31.4412 14.9116 -10.8339 10.2159
32.4412 -9.21587 4.69572 16.5296
-25.7455 16.5296 -21.0498 7.31376
26.7455 -10.8339 14.9116 19.4317
-26.7455 22.2254 -14.9116 -1.
31.4412 -5.69572 17.5296 10.2159
-1.61804 16.5296 32.4412 -10.2159
14.9116 25.1275 -9.21587 -22.2254
21.0498 -9.21587 25.1275 16.5296
-18.4317 19.4317 -26.7455 0
-22.2254 9.21587 -25.1275 14.9116
19.4317 -14.9116 10.8339 26.7455
-10.2159 -10.8339 14.9116 31.4412
5.69572 0 -33.0593 17.5296
-25.1275 25.7455 -7.31376 -9.21587
33.0593 0 18.4317 0
10.2159 5.69572 35.9614 -1.61804
0 26.7455 -19.4317 -18.4317
5.69572 19.4317 26.7455 -17.5296
9.21587 26.7455 1. -25.1275
-14.9116 19.4317 26.7455 -10.8339
26.7455 17.5296 -5.69572 -19.4317
-9.21587 -9.21587 25.1275 25.1275
7.31376 5.69572 -35.9614 7.31376
-16.5296 -10.2159 1.61804 32.4412
9.21587 -9.21587 -25.1275 25.1275
-25.7455 -1.61804 -10.2159 25.7455
19.4317 -14.9116 -10.8339 26.7455
10.2159 -17.5296 5.69572 31.4412
-16.5296 1. -26.7455 21.0498
-32.4412 4.69572 9.21587 16.5296
-26.7455 0 18.4317 19.4317
31.4412 -5.69572 -17.5296 10.2159
25.7455 -1. -26.7455 7.31376
-21.0498 26.7455 1. -16.5296
31.4412 5.69572 17.5296 -10.2159
-25.7455 -4.69572 9.21587 25.7455
21.0498 -7.31376 -25.7455 16.5296
-33.0593 17.5296 -5.69572 0
35.9614 -7.31376 7.31376 5.69572
1. -14.9116 22.2254 26.7455
-4.69572 5.69572 -35.9614 9.21587
10.8339 -10.2159 31.4412 14.9116
-9.21587 16.5296 -32.4412 -4.69572
7.31376 22.2254 14.9116 -25.7455
-22.2254 22.2254 14.9116 -14.9116
32.4412 9.21587 4.69572 -16.5296
14.9116 16.5296 21.0498 -22.2254
-1. 25.7455 7.31376 -26.7455
14.9116 -16.5296 21.0498 22.2254
-17.5296 10.2159 -31.4412 5.69572
0 -18.4317 0 33.0593
-9.21587 -7.31376 -25.7455 25.1275
1.61804 -5.69572 35.9614 10.2159
1.61804 16.5296 -32.4412 -10.2159
-14.9116 25.1275 9.21587 -22.2254
10.8339 10.2159 31.4412 -14.9116
26.7455 10.8339 14.9116 -19.4317
-9.21587 26.7455 -1. -25.1275
1. 25.7455 -7.31376 -26.7455
21.0498 9.21587 25.1275 -16.5296
-26.7455 9.21587 25.1275 1.
31.4412 5.69572 -17.5296 -10.2159
-35.9614 10.2159 1.61804 5.69572
35.9614 -9.21587 -4.69572 5.69572
-16.5296 25.1275 -9.21587 -21.0498
25.1275 1. 26.7455 -9.21587
-32.4412 1.61804 -10.2159 16.5296
26.7455 -17.5296 -5.69572 19.4317
-25.1275 14.9116 22.2254 -9.21587
-9.21587 5.69572 35.9614 -4.69572
32.4412 7.31376 -7.31376 -16.5296
16.5296 16.5296 -21.0498 -21.0498
-33.0593 10.8339 14.9116 0
35.9614 -1.61804 -10.2159 -5.69572
-10.2159 -17.5296 -5.69572 31.4412
-1. -14.9116 -22.2254 26.7455
1.61804 5.69572 35.9614 -10.2159
7.31376 21.0498 -16.5296 -25.7455
10.2159 -5.69572 35.9614 1.61804
-31.4412 18.4317 0 -10.2159
35.9614 -4.69572 9.21587 -5.69572
-5.69572 19.4317 -26.7455 -17.5296
26.7455 -7.31376 25.7455 -1.
-22.2254 21.0498 -16.5296 -14.9116
-21.0498 -7.31376 25.7455 16.5296
18.4317 0 -33.0593 0
-7.31376 21.0498 16.5296 -25.7455
19.4317 14.9116 10.8339 -26.7455
-25.7455 -10.2159 -1.61804 25.7455
16.5296 -16.5296 -21.0498 21.0498
-10.8339 -10.2159 31.4412 14.9116
9.21587 5.69572 -35.9614 -4.69572
-19.4317 -14.9116 10.8339 26.7455
10.8339 -10.2159 -31.4412 14.9116
7.31376 -22.2254 14.9116 25.7455
-14.9116 0 -33.0593 10.8339
25.7455 -14.9116 22.2254 7.31376
-25.7455 -1. 26.7455 7.31376
-25.7455 14.9116 -22.2254 -7.31376
25.7455 1. -26.7455 -7.31376
-7.31376 22.2254 -14.9116 -25.7455
14.9116 0 33.0593 -10.8339
-10.8339 10.2159 31.4412 -14.9116
19.4317 14.9116 -10.8339 -26.7455
-9.21587 -5.69572 35.9614 4.69572
10.8339 10.2159 -31.4412 -14.9116
-16.5296 16.5296 21.0498 -21.0498
25.7455 10.2159 1.61804 -25.7455
-19.4317 -14.9116 -10.8339 26.7455
7.31376 -21.0498 -16.5296 25.7455
-18.4317 0 33.0593 0
21.0498 7.31376 -25.7455 -16.5296
5.69572 -19.4317 26.7455 17.5296
-35.9614 4.69572 -9.21587 5.69572
31.4412 -18.4317 0 10.2159
-10.2159 5.69572 -35.9614 -1.61804
22.2254 -21.0498 16.5296 14.9116
-26.7455 7.31376 -25.7455 1.
-7.31376 -21.0498 16.5296 25.7455
-1.61804 -5.69572 -35.9614 10.2159
1. 14.9116 22.2254 -26.7455
10.2159 17.5296 5.69572 -31.4412
-35.9614 1.61804 10.2159 5.69572
33.0593 -10.8339 -14.9116 0
-16.5296 -16.5296 21.0498 21.0498
-32.4412 -7.31376 7.31376 16.5296
25.1275 -14.9116 -22.2254 9.21587
9.21587 -5.69572 -35.9614 4.69572
-26.7455 17.5296 5.69572 -19.4317
32.4412 -1.61804 10.2159 -16.5296
16.5296 -25.1275 9.21587 21.0498
-25.1275 -1. -26.7455 9.21587
-35.9614 9.21587 4.69572 -5.69572
35.9614 -10.2159 -1.61804 -5.69572
-31.4412 -5.69572 17.5296 10.2159
26.7455 -9.21587 -25.1275 -1.
-26.7455 -10.8339 -14.9116 19.4317
-1. -25.7455 7.31376 26.7455
14.9116 -25.1275 -9.21587 22.2254
-10.8339 -10.2159 -31.4412 14.9116
9.21587 -26.7455 1. 25.1275
-21.0498 -9.21587 -25.1275 16.5296
-1.61804 -16.5296 32.4412 10.2159
-1.61804 5.69572 -35.9614 -10.2159
9.21587 7.31376 25.7455 -25.1275
0 18.4317 0 -33.0593
17.5296 -10.2159 31.4412 -5.69572
-14.9116 16.5296 -21.0498 -22.2254
-14.9116 -16.5296 -21.0498 22.2254
1. -25.7455 -7.31376 26.7455
-32.4412 -9.21587 -4.69572 16.5296
22.2254 -22.2254 -14.9116 14.9116
-7.31376 -22.2254 -14.9116 25.7455
9.21587 -16.5296 32.4412 4.69572
-10.8339 10.2159 -31.4412 -14.9116
4.69572 -5.69572 35.9614 -9.21587
-1. 14.9116 -22.2254 -26.7455
-35.9614 7.31376 -7.31376 -5.69572
33.0593 -17.5296 5.69572 0
-21.0498 7.31376 25.7455 -16.5296
25.7455 4.69572 -9.21587 -25.7455
-31.4412 -5.69572 -17.5296 10.2159
21.0498 -26.7455 -1. 16.5296
-31.4412 5.69572 17.5296 -10.2159
-25.7455 1. 26.7455 -7.31376
32.4412 -4.69572 -9.21587 -16.5296
26.7455 0 -18.4317 -19.4317
-19.4317 14.9116 10.8339 -26.7455
25.7455 1.61804 10.2159 -25.7455
16.5296 -1. 26.7455 -21.0498
-10.2159 17.5296 -5.69572 -31.4412
-9.21587 9.21587 25.1275 -25.1275
16.5296 10.2159 -1.61804 -32.4412
-7.31376 -5.69572 35.9614 -7.31376
9.21587 9.21587 -25.1275 -25.1275
-26.7455 -17.5296 5.69572 19.4317
14.9116 -19.4317 -26.7455 10.8339
-9.21587 -26.7455 -1. 25.1275
-5.69572 -19.4317 -26.7455 17.5296
0 -26.7455 19.4317 18.4317
-10.2159 -5.69572 -35.9614 1.61804
25.1275 -25.7455 7.31376 9.21587
-33.0593 0 -18.4317 0
-5.69572 0 33.0593 -17.5296
10.2159 10.8339 -14.9116 -31.4412
-19.4317 14.9116 -10.8339 -26.7455
22.2254 -9.21587 25.1275 -14.9116
18.4317 -19.4317 26.7455 0
-21.0498 9.21587 -25.1275 -16.5296
-14.9116 -25.1275 9.21587 22.2254
1.61804 -16.5296 -32.4412 10.2159
26.7455 -22.2254 14.9116 1.
-31.4412 5.69572 -17.5296 -10.2159
-32.4412 9.21587 -4.69572 -16.5296
25.7455 -16.5296 21.0498 -7.31376
31.4412 -14.9116 10.8339 -10.2159
-26.7455 10.8339 -14.9116 -19.4317
-14.9116 -19.4317 26.7455 10.8339
-25.1275 -14.9116 22.2254 9.21587
7.31376 -5.69572 -35.9614 -7.31376
17.5296 -10.2159 -31.4412 -5.69572
-32.4412 7.31376 7.31376 -16.5296
32.4412 -10.2159 1.61804 -16.5296
-10.2159 10.8339 14.9116 -31.4412
16.5296 4.69572 9.21587 -32.4412
-35.9614 -7.31376 -7.31376 5.69572
25.7455 -25.7455 -7.31376 7.31376
-35.9614 -9.21587 4.69572 5.69572
26.7455 -21.0498 -16.5296 1.
-10.2159 -16.5296 32.4412 1.61804
-35.9614 -1.61804 10.2159 -5.69572
-26.7455 -9.21587 25.1275 -1.
31.4412 -14.9116 -10.8339 -10.2159
5.69572 0 -33.0593 -17.5296
22.2254 -7.31376 -25.7455 -14.9116
-16.5296 -25.1275 -9.21587 21.0498
0 -26.7455 -19.4317 18.4317
7.31376 -25.7455 25.7455 7.31376
-25.1275 1. -26.7455 -9.21587
-14.9116 0 -33.0593 -10.8339
17.5296 -26.7455 19.4317 5.69572
-22.2254 -22.2254 14.9116 14.9116
10.2159 -16.5296 -32.4412 1.61803
-17.5296 -10.2159 31.4412 -5.69572
14.9116 -1. -26.7455 -22.2254
-25.7455 10.2159 -1.61804 -25.7455
26.7455 -10.8339 14.9116 -19.4317
-1. 1. 26.7455 -26.7455
5.69572 9.21587 -4.69572 -35.9614
7.31376 -16.5296 32.4412 -7.31376
-9.21587 7.31376 -25.7455 -25.1275
0 5.69572 17.5296 -33.0593
5.69572 7.31376 7.31376 -35.9614
-4.69572 -25.7455 25.7455 9.21587
-4.69572 -5.69572 -35.9614 -9.21587
-22.2254 -21.0498 -16.5296 14.9116
5.69572 -31.4412 -10.2159 17.5296
14.9116 -31.4412 10.2159 10.8339
-26.7455 -7.31376 -25.7455 -1.
-16.5296 10.2159 1.61804 -32.4412
19.4317 -5.69572 17.5296 -26.7455
-33.0593 -10.8339 14.9116 0
25.1275 -16.5296 -21.0498 -9.21587
-5.69572 9.21587 4.69572 -35.9614
10.2159 0 18.4317 -31.4412
-14.9116 -1. 26.7455 -22.2254
16.5296 1.61804 -10.2159 -32.4412
-5.69572 -31.4412 10.2159 17.5296
-9.21587 -16.5296 -32.4412 4.69572
-25.7455 -14.9116 -22.2254 7.31376
10.8339 -33.0593 0 14.9116
-31.4412 -18.4317 0 10.2159
17.5296 -26.7455 -19.4317 5.69572
-35.9614 -4.69572 -9.21587 -5.69572
26.7455 -26.7455 1. -1.
-26.7455 0 18.4317 -19.4317
25.7455 -7.31376 -7.31376 -25.7455
-21.0498 -26.7455 1. 16.5296
4.69572 -25.7455 -25.7455 9.21587
-25.7455 4.69572 9.21587 -25.7455
0 -10.2159 31.4412 -18.4317
0 5.69572 -17.5296 -33.0593
25.7455 -9.21587 4.69572 -25.7455
-4.69572 -16.5296 32.4412 -9.21587
1. 1. -26.7455 -26.7455
7.31376 -7.31376 25.7455 -25.7455
-5.69572 7.31376 -7.31376 -35.9614
-22.2254 -7.31376 25.7455 -14.9116
19.4317 -5.69572 -17.5296 -26.7455
4.69572 -32.4412 16.5296 9.21587
-17.5296 -10.2159 -31.4412 -5.69572
-32.4412 -1.61804 -10.2159 -16.5296
9.21587 -25.7455 25.7455 -4.69572
-16.5296 -1. -26.7455 -21.0498
25.1275 -25.1275 9.21587 -9.21587
-35.9614 -10.2159 1.61804 -5.69572
25.7455 -25.1275 -9.21587 -7.31376
-16.5296 4.69572 -9.21587 -32.4412
14.9116 -14.9116 22.2254 -22.2254
-7.31376 -25.7455 -25.7455 7.31376
-10.8339 -33.0593 0 14.9116
-32.4412 -4.69572 9.21587 -16.5296
26.7455 -17.5296 -5.69572 -19.4317
-17.5296 -26.7455 19.4317 5.69572
4.69572 -16.5296 -32.4412 -9.21587
-25.7455 1.61804 -10.2159 -25.7455
21.0498 -21.0498 16.5296 -16.5296
-16.5296 1.61804 10.2159 -32.4412
16.5296 -7.31376 7.31376 -32.4412
-26.7455 -21.0498 16.5296 1.
14.9116 -19.4317 -26.7455 -10.8339
-25.1275 -25.7455 -7.31376 9.21587
7.31376 -32.4412 -16.5296 7.31376
-25.7455 -25.7455 7.31376 7.31376
10.2159 -25.7455 -25.7455 -1.61804
-10.2159 -25.7455 25.7455 -1.61804
0 -10.2159 -31.4412 -18.4317
1.61804 -35.9614 5.69572 10.2159
-18.4317 -19.4317 -26.7455 0
18.4317 -31.4412 -10.2159 0
-7.31376 -32.4412 16.5296 7.31376
-33.0593 -17.5296 -5.69572 0
-7.31376 -16.5296 -32.4412 -7.31376
-7.31376 -9.21587 25.1275 -25.7455
5.69572 -1.61804 -10.2159 -35.9614
5.69572 -19.4317 26.7455 -17.5296
-10.2159 0 -18.4317 -31.4412
-25.1275 -16.5296 21.0498 -9.21587
16.5296 -14.9116 -22.2254 -21.0498
-14.9116 -31.4412 -10.2159 10.8339
-4.69572 -32.4412 -16.5296 9.21587
-5.69572 -1.61804 10.2159 -35.9614
5.69572 -4.69572 9.21587 -35.9614
-14.9116 -19.4317 26.7455 -10.8339
7.31376 -9.21587 -25.1275 -25.7455
10.2159 -32.4412 16.5296 -1.61804
-22.2254 -9.21587 -25.1275 -14.9116
-19.4317 -5.69572 17.5296 -26.7455
16.5296 -9.21587 -4.69572 -32.4412
-17.5296 -26.7455 -19.4317 5.69572
-1.61804 -35.9614 -5.69572 10.2159
-31.4412 -14.9116 10.8339 -10.2159
21.0498 -22.2254 -14.9116 -16.5296
-26.7455 -22.2254 -14.9116 1.
9.21587 -35.9614 -5.69572 4.69572
-1.61804 -25.7455 25.7455 -10.2159
-7.31376 -7.31376 -25.7455 -25.7455
10.2159 -35.9614 5.69572 1.61804
-25.7455 -16.5296 -21.0498 -7.31376
-32.4412 -10.2159 -1.61804 -16.5296
22.2254 -26.7455 -1. -14.9116
-31.4412 -14.9116 -10.8339 -10.2159
17.5296 -33.0593 0 -5.69572
-19.4317 -5.69572 -17.5296 -26.7455
10.8339 -26.7455 19.4317 -14.9116
-25.7455 -7.31376 7.31376 -25.7455
-16.5296 -14.9116 22.2254 -21.0498
10.2159 -10.8339 -14.9116 -31.4412
19.4317 -18.4317 0 -26.7455
1. -16.5296 21.0498 -26.7455
-5.69572 -4.69572 -9.21587 -35.9614
14.9116 -31.4412 10.2159 -10.8339
-26.7455 -10.8339 -14.9116 -19.4317
-9.21587 -35.9614 5.69572 4.69572
-9.21587 -25.7455 -25.7455 -4.69572
-26.7455 -26.7455 -1. -1.
9.21587 -32.4412 -16.5296 -4.69572
-10.2159 -10.8339 14.9116 -31.4412
5.69572 -10.2159 -1.61804 -35.9614
-18.4317 -31.4412 10.2159 0
1.61804 -25.7455 -25.7455 -10.2159
-25.7455 -9.21587 -4.69572 -25.7455
16.5296 -25.7455 7.31376 -21.0498
9.21587 -22.2254 14.9116 -25.1275
-16.5296 -7.31376 -7.31376 -32.4412
-9.21587 -32.4412 16.5296 -4.69572
-25.7455 -25.1275 9.21587 -7.31376
10.8339 -26.7455 -19.4317 -14.9116
-5.69572 -19.4317 -26.7455 -17.5296
-16.5296 -9.21587 4.69572 -32.4412
10.2159 -17.5296 5.69572 -31.4412
1.61804 -32.4412 16.5296 -10.2159
-14.9116 -14.9116 -22.2254 -22.2254
-10.2159 -35.9614 -5.69572 1.61804
-10.2159 -32.4412 -16.5296 -1.61804
0 -14.9116 10.8339 -33.0593
-5.69572 -10.2159 1.61804 -35.9614
-26.7455 -17.5296 5.69572 -19.4317
-10.8339 -26.7455 19.4317 -14.9116
9.21587 -21.0498 -16.5296 -25.1275
-21.0498 -22.2254 14.9116 -16.5296
14.9116 -25.7455 -7.31376 -22.2254
-1. -16.5296 -21.0498 -26.7455
-25.1275 -25.1275 -9.21587 -9.21587
7.31376 -35.9614 -5.69572 -7.31376
-9.21587 -21.0498 16.5296 -25.1275
0 -14.9116 -10.8339 -33.0593
-21.0498 -21.0498 -16.5296 -16.5296
4.69572 -35.9614 5.69572 -9.21587
-17.5296 -33.0593 0 -5.69572
-1.61804 -32.4412 -16.5296 -10.2159
-7.31376 -35.9614 5.69572 -7.31376
-10.8339 -26.7455 -19.4317 -14.9116
7.31376 -26.7455 1. -25.7455
-19.4317 -18.4317 0 -26.7455
-22.2254 -26.7455 1. -14.9116
5.69572 -31.4412 -10.2159 -17.5296
-1. -25.1275 9.21587 -26.7455
-10.2159 -17.5296 -5.69572 -31.4412
-14.9116 -31.4412 -10.2159 -10.8339
-4.69572 -35.9614 -5.69572 -9.21587
-5.69572 -31.4412 10.2159 -17.5296
-9.21587 -22.2254 -14.9116 -25.1275
-14.9116 -25.7455 7.31376 -22.2254
1. -25.1275 -9.21587 -26.7455
0 -33.0593 0 -18.4317
-16.5296 -25.7455 -7.31376 -21.0498
-7.31376 -26.7455 -1. -25.7455