4OFF
# Vertices for 3{10}2 , 4D real representation
360

# Vertices.  Each line is the XYZW coordinates of one vertex.
588.067 927.937 269.462 739.568
686.777 917.814 690.27 189.592
798.059 970.887 -5.34661 496.903
375.078 1163.71 566.409 103.649
194.218 1080.11 312.344 724.255
990.196 794.336 461.412 45.8506
340.246 806.382 569.759 857.798
929.898 596.468 708.537 322.417
647.802 1169.49 -104.906 167.639
381.921 1285.26 168.17 20.3965
903.613 671.118 147.878 733.266
316.308 935.491 888.404 249.011
5.42411 1221.16 -9.651 578.893
959.502 881.507 214.897 -287.371
895.153 923.269 -332.764 249.011
41.2354 1286.45 406.936 -64.8705
788.988 357.326 832.598 618.916
455.146 480.069 815.949 850.332
1189.06 624.688 140.824 -50.2905
-195.222 1151.66 358.123 577.731
388.145 1267.59 -228.968 -128.86
1146.73 349.772 77.8751 618.916
-77.8328 860.366 976.056 357.057
903.142 303.342 220.317 932.867
218.744 615.333 1145.44 296.568
162.524 1144.11 -396.6 577.731
656.082 1004.98 300.931 -543.566
56.3599 578.165 768.762 947.636
1069.99 198.603 709.944 371.637
392.083 887.289 -470.673 814.811
455.437 935.491 668.705 -544.728
331.785 689.421 -223.548 1091.38
1285.86 349.772 1. 225.113
-352.613 1001.41 701.572 455.08
601.465 661.763 926.12 -411.185
-140.895 1267.59 -310.566 321.536
813.183 927.937 -86.018 -544.728
273.015 461.204 98.4472 1236.74
707.018 361.994 1079.34 -174.823
635.205 565.943 -452.405 947.636
207.615 813.936 969.002 -426.499
569.592 216.171 267.828 1176.25
463.426 315.564 1221.79 139.128
-38.6835 707.098 -25.4134 1150.8
917.011 404.944 804.536 -417.488
1006.93 605.823 -576.678 336.116
-277.192 1156.33 604.869 -216.009
545.105 83.5977 931.54 809.053
361.389 974.46 -717.188 481.59
951.042 764.546 -578.41 -53.7914
-323.009 1286.45 207.932 -154.709
266.643 1076.54 346.71 -690.09
916.209 407.22 -575.06 700.357
-191.17 912.032 921.816 -329.195
1285.86 349.772 -141.824 -174.823
-589.362 1076.54 357.505 438.603
1220.25 0 578.41 53.7913
-333.552 578.165 610.289 1004.23
301.653 1144.11 -616.298 -216.009
144.553 1221.16 -317.62 -462.02
-379.369 708.286 213.352 1065.53
1164.36 158.723 576.678 -336.116
814.274 -83.5977 344.177 1018.81
129.876 228.393 1269.3 382.511
853.948 812.164 -482.086 -453.009
-372.235 1285.26 -189.307 -12.8484
1267.86 5.78184 -73.0729 462.194
-478.399 719.32 976.056 357.057
1129.53 -198.603 580.028 418.032
175.451 141.046 355.48 1284.3
-247.53 333.867 927.236 891.043
706.547 -5.78184 1151.78 24.7783
-372.526 829.841 -184.886 982.276
1014.1 357.326 477.118 -665.381
361.389 974.46 -860.011 81.6535
29.894 1151.66 2.64348 -706.566
775.299 168.078 -450.998 996.856
-76.2704 585.719 1168.01 -336.661
-331.469 1169.49 -585.374 78.8712
622.608 829.841 -360.827 -787.393
1066.47 208.617 -706.594 382.511
-581.082 912.032 763.342 -272.602
960.302 -357.326 458.769 752.417
-167.172 105.65 1172.36 642.601
458.191 699.544 -999.835 357.057
-127.497 1001.41 346.092 -829.217
286.414 -216.171 885.76 955.577
542.224 -303.342 1007.89 651.612
-366.302 812.164 -582.025 833.02
-632.183 927.937 -308.948 685.777
1177.43 262.601 -218.699 -568.626
-789.283 1004.98 -10.269 439.766
1020.33 339.649 79.9802 -814.637
754.447 455.422 353.057 -961.88
-697.796 578.165 411.286 914.391
1276.14 -158.723 332.764 -249.011
860.32 565.943 -807.885 -336.661
-620.056 1163.71 -31.8334 -294.555
49.6644 -141.046 629.963 1186.27
688.543 -349.772 1077.71 261.859
1237.16 92.9529 -462.412 -270.964
-903.942 935.491 309.994 195.219
1121.07 -315.564 -213.279 651.612
531.416 -105.65 -352.057 1186.99
865.259 -228.393 -335.407 955.577
-320.154 311.991 1266.95 -146.524
-575.963 399.162 1144.82 157.441
13.689 189.248 1283.6 -377.94
252.954 887.289 -936.887 -312.15
-170.027 1080.11 -365.131 -705.403
-118.951 565.943 -809.882 914.391
413.762 456.61 591.822 -1047.15
-225.115 0 355.48 1284.3
827.672 -349.772 1000.84 -131.944
663.255 -480.069 361.827 1012.51
-21.1433 -168.078 1286.95 376.208
1267.39 -361.994 -143.457 261.859
-812.713 474.287 889.022 388.138
-269.208 764.546 -909.442 585.127
420.604 578.165 193.584 -1130.4
-13.3979 266.174 -656.658 1150.75
354.991 228.393 913.817 -901.786
132.63 -7.55373 -399.243 1284.3
294.693 30.5247 1160.94 -625.219
440.187 355.554 -1073.91 594.138
-253.284 719.32 620.576 -927.24
-325.097 923.269 -911.174 195.219
374.787 708.286 -203.353 -1069.1
196.594 309.124 -931.467 908.088
1150.67 -30.5247 -706.919 41.8238
-910.785 813.936 565.409 -121.464
43.2926 474.287 789.957 -987.728
1044.51 -596.468 458.443 411.729
-496.875 7.55373 974.422 793.739
-261.219 144.619 -356.361 1268.98
1282.51 -404.944 6.96464 -132.663
-945.617 456.61 568.759 632.685
598.113 -92.9529 932.085 -768.961
579.316 355.554 -1150.78 200.335
-528.064 860.366 346.092 -829.217
-875.775 881.507 -397.6 352.617
933.836 216.171 -307.351 -901.786
-461.865 75.1252 11.4132 1267.82
827.672 -349.772 858.012 -531.88
-422.191 970.887 -814.85 -203.998
325.561 707.098 -600.592 -927.24
247.53 -333.867 -153.053 1276.83
153.783 -208.617 1285. -328.72
725.635 309.124 -1080.96 -189.418
-764.813 935.491 90.2953 -598.52
981.445 -189.248 -828.178 376.208
-830.426 585.719 810.529 -369.906
541.753 -671.118 937.505 451.277
-47.8997 -461.204 798.726 986.658
-994.843 455.422 171.52 774.545
1185.42 -357.326 103.289 -531.88
439.716 -12.2222 -1001.47 793.739
-350.848 399.162 877.609 -879.682
333.552 -578.165 163.893 1163.64
63.0623 -407.22 1286.62 35.521
-407.067 927.937 -664.428 -598.52
192.656 689.421 -920.855 -682.693
862.377 -615.333 -259.058 798.136
-578.845 12.2222 1221.17 0
-619.256 -75.1252 354.862 1145.17
924.474 -624.688 718.188 -256.476
-650.658 216.171 -310.582 1122.46
796.977 -262.601 611.496 -865.102
-213.32 605.823 -1155.09 282.325
740.758 266.174 -930.54 -583.94
-897.718 917.814 -229.968 -353.973
56.3599 578.165 -5.42003 -1220.24
1090.37 -228.393 -690.887 -328.72
-1147.83 661.763 266.112 -14.5801
-733.915 -144.619 675.125 900.623
984.21 -794.336 474.475 41.1856
106.164 565.943 -1165.36 -369.906
-413.91 806.382 -409.013 -915.203
-954.078 339.649 -224.548 866.265
684.398 -311.991 -925.12 636.298
-684.398 311.991 925.12 -636.298
954.078 -339.649 224.548 -866.265
413.91 -806.382 409.013 915.203
-106.164 -565.943 1165.36 369.906
-984.21 794.336 -474.475 -41.1856
733.915 144.619 -675.125 -900.623
1147.83 -661.763 -266.112 14.5801
-1090.37 228.393 690.887 328.72
897.718 -917.814 229.968 353.973
-56.3599 -578.165 5.42003 1220.24
-740.758 -266.174 930.54 583.94
213.32 -605.823 1155.09 -282.325
-796.977 262.601 -611.496 865.102
650.658 -216.171 310.582 -1122.46
-924.474 624.688 -718.188 256.476
619.256 75.1252 -354.862 -1145.17
578.845 -12.2222 -1221.17 0
-862.377 615.333 259.058 -798.136
407.067 -927.937 664.428 598.52
-192.656 -689.421 920.855 682.693
-63.0623 407.22 -1286.62 -35.521
-333.552 578.165 -163.893 -1163.64
350.848 -399.162 -877.609 879.682
-439.716 12.2222 1001.47 -793.739
-1185.42 357.326 -103.289 531.88
994.843 -455.422 -171.52 -774.545
-541.753 671.118 -937.505 -451.277
47.8997 461.204 -798.726 -986.658
830.426 -585.719 -810.529 369.906
-981.445 189.248 828.178 -376.208
764.813 -935.491 -90.2953 598.52
-725.635 -309.124 1080.96 189.418
-153.783 208.617 -1285. 328.72
-247.53 333.867 153.053 -1276.83
422.191 -970.887 814.85 203.998
-325.561 -707.098 600.592 927.24
-827.672 349.772 -858.012 531.88
461.865 -75.1252 -11.4132 -1267.82
-933.836 -216.171 307.351 901.786
875.775 -881.507 397.6 -352.617
528.064 -860.366 -346.092 829.217
-579.316 -355.554 1150.78 -200.335
-598.113 92.9529 -932.085 768.961
945.617 -456.61 -568.759 -632.685
-1282.51 404.944 -6.96464 132.663
261.219 -144.619 356.361 -1268.98
496.875 -7.55373 -974.422 -793.739
-1044.51 596.468 -458.443 -411.729
910.785 -813.936 -565.409 121.464
-43.2926 -474.287 -789.957 987.728
-196.594 -309.124 931.467 -908.088
-1150.67 30.5247 706.919 -41.8238
-374.787 -708.286 203.353 1069.1
325.097 -923.269 911.174 -195.219
253.284 -719.32 -620.576 927.24
-440.187 -355.554 1073.91 -594.138
-294.693 -30.5247 -1160.94 625.219
-132.63 7.55373 399.243 -1284.3
-354.991 -228.393 -913.817 901.786
13.3979 -266.174 656.658 -1150.75
-420.604 -578.165 -193.584 1130.4
269.208 -764.546 909.442 -585.127
812.713 -474.287 -889.022 -388.138
-1267.39 361.994 143.457 -261.859
21.1433 168.078 -1286.95 -376.208
-663.255 480.069 -361.827 -1012.51
-827.672 349.772 -1000.84 131.944
225.115 0 -355.48 -1284.3
-413.762 -456.61 -591.822 1047.15
118.951 -565.943 809.882 -914.391
170.027 -1080.11 365.131 705.403
-252.954 -887.289 936.887 312.15
320.154 -311.991 -1266.95 146.524
-13.689 -189.248 -1283.6 377.94
575.963 -399.162 -1144.82 -157.441
-1121.07 315.564 213.279 -651.612
-865.259 228.393 335.407 -955.577
-531.416 105.65 352.057 -1186.99
903.942 -935.491 -309.994 -195.219
-1237.16 -92.9529 462.412 270.964
-688.543 349.772 -1077.71 -261.859
-49.6644 141.046 -629.963 -1186.27
620.056 -1163.71 31.8334 294.555
-860.32 -565.943 807.885 336.661
-1276.14 158.723 -332.764 249.011
697.796 -578.165 -411.286 -914.391
-754.447 -455.422 -353.057 961.88
789.283 -1004.98 10.269 -439.766
-1020.33 -339.649 -79.9802 814.637
-1177.43 -262.601 218.699 568.626
632.183 -927.937 308.948 -685.777
366.302 -812.164 582.025 -833.02
-286.414 216.171 -885.76 -955.577
-542.224 303.342 -1007.89 -651.612
127.497 -1001.41 -346.092 829.217
-458.191 -699.544 999.835 -357.057
167.172 -105.65 -1172.36 -642.601
-960.302 357.326 -458.769 -752.417
581.082 -912.032 -763.342 272.602
-1066.47 -208.617 706.594 -382.511
331.469 -1169.49 585.374 -78.8712
-622.608 -829.841 360.827 787.393
76.2704 -585.719 -1168.01 336.661
-775.299 -168.078 450.998 -996.856
-361.389 -974.46 860.011 -81.6535
-29.894 -1151.66 -2.64348 706.566
-1014.1 -357.326 -477.118 665.381
372.526 -829.841 184.886 -982.276
-706.547 5.78184 -1151.78 -24.7783
247.53 -333.867 -927.236 -891.043
-175.451 -141.046 -355.48 -1284.3
-1129.53 198.603 -580.028 -418.032
478.399 -719.32 -976.056 -357.057
-1267.86 -5.78184 73.0729 -462.194
372.235 -1285.26 189.307 12.8484
-853.948 -812.164 482.086 453.009
-129.876 -228.393 -1269.3 -382.511
-814.274 83.5977 -344.177 -1018.81
-1164.36 -158.723 -576.678 336.116
379.369 -708.286 -213.352 -1065.53
-301.653 -1144.11 616.298 216.009
-144.553 -1221.16 317.62 462.02
333.552 -578.165 -610.289 -1004.23
-1220.25 0 -578.41 -53.7913
589.362 -1076.54 -357.505 -438.603
-1285.86 -349.772 141.824 174.823
191.17 -912.032 -921.816 329.195
-916.209 -407.22 575.06 -700.357
323.009 -1286.45 -207.932 154.709
-951.042 -764.546 578.41 53.7914
-361.389 -974.46 717.188 -481.59
-266.643 -1076.54 -346.71 690.09
-545.105 -83.5977 -931.54 -809.053
277.192 -1156.33 -604.869 216.009
-1006.93 -605.823 576.678 -336.116
-917.011 -404.944 -804.536 417.488
38.6835 -707.098 25.4134 -1150.8
-463.426 -315.564 -1221.79 -139.128
-569.592 -216.171 -267.828 -1176.25
-207.615 -813.936 -969.002 426.499
-635.205 -565.943 452.405 -947.636
-707.018 -361.994 -1079.34 174.823
-273.015 -461.204 -98.4472 -1236.74
-813.183 -927.937 86.018 544.728
140.895 -1267.59 310.566 -321.536
352.613 -1001.41 -701.572 -455.08
-601.465 -661.763 -926.12 411.185
-331.785 -689.421 223.548 -1091.38
-1285.86 -349.772 -1. -225.113
-455.437 -935.491 -668.705 544.728
-392.083 -887.289 470.673 -814.811
-56.3599 -578.165 -768.762 -947.636
-1069.99 -198.603 -709.944 -371.637
-162.524 -1144.11 396.6 -577.731
-656.082 -1004.98 -300.931 543.566
-218.744 -615.333 -1145.44 -296.568
-903.142 -303.342 -220.317 -932.867
77.8328 -860.366 -976.056 -357.057
-1146.73 -349.772 -77.8751 -618.916
-388.145 -1267.59 228.968 128.86
195.222 -1151.66 -358.123 -577.731
-1189.06 -624.688 -140.824 50.2905
-455.146 -480.069 -815.949 -850.332
-788.988 -357.326 -832.598 -618.916
-41.2354 -1286.45 -406.936 64.8705
-895.153 -923.269 332.764 -249.011
-5.42411 -1221.16 9.651 -578.893
-959.502 -881.507 -214.897 287.371
-316.308 -935.491 -888.404 -249.011
-903.613 -671.118 -147.878 -733.266
-381.921 -1285.26 -168.17 -20.3965
-647.802 -1169.49 104.906 -167.639
-340.246 -806.382 -569.759 -857.798
-929.898 -596.468 -708.537 -322.417
-194.218 -1080.11 -312.344 -724.255
-990.196 -794.336 -461.412 -45.8506
-375.078 -1163.71 -566.409 -103.649
-798.059 -970.887 5.34661 -496.903
-686.777 -917.814 -690.27 -189.592
-588.067 -927.937 -269.462 -739.568