4OFF
# Vertices for 3{6}2 , 4D real representation
24

# Vertices.  Each line is the XYZW coordinates of one vertex.
1.36603 -1.36603 -1. 0
1. -1.36603 0 1.36603
0 -1.36603 -1.36603 1.
1.36603 -1. 0 -1.36603
1.36603 0 1. 1.36603
1.36603 0 -1.36603 -1.
0 -1. 1.36603 1.36603
-1.36603 -1. -1.36603 0
-1. 0 -1.36603 1.36603
0 -1.36603 1. -1.36603
1.36603 1.36603 0 1.
-1. -1.36603 1.36603 0
1. 1.36603 -1.36603 0
-1.36603 -1.36603 0 -1.
0 1.36603 -1. 1.36603
1. 0 1.36603 -1.36603
1.36603 1. 1.36603 0
0 1. -1.36603 -1.36603
-1.36603 0 1.36603 1.
-1.36603 0 -1. -1.36603
-1.36603 1. 0 1.36603
0 1.36603 1.36603 -1.
-1. 1.36603 0 -1.36603
-1.36603 1.36603 1. 0