4OFF
# Vertices for 2{6}4 , 4D real representation
48

# Vertices.  Each line is the XYZW coordinates of one vertex.
-2.41422 -5.82843 2.41421 -1.
-1. -2.41422 5.82843 -2.41421
-5.82843 -2.41422 1. -2.41422
-3.41422 -3.41422 3.41422 3.41422
2.41422 -5.82843 2.41421 1.
0 -4.82843 0 -4.82843
1. -2.41422 5.82843 2.41422
-4.82843 0 4.82843 0
-2.41421 -1. 2.41422 -5.82843
3.41422 -3.41422 3.41422 -3.41422
-2.41422 -5.82843 -2.41422 1.
0 -4.82843 0 4.82843
-3.41422 -3.41422 -3.41422 -3.41422
2.41421 -5.82843 -2.41422 -1.
-5.82843 -2.41421 -1. 2.41422
1. 2.41421 5.82843 -2.41422
-3.41422 3.41422 3.41422 -3.41422
-1. 2.41421 5.82843 2.41422
2.41422 1. 2.41422 -5.82843
4.82843 0 4.82843 0
2.41422 -1. 2.41421 5.82843
-5.82843 2.41422 -1. -2.41422
-2.41422 1. -2.41421 -5.82843
5.82843 -2.41422 1. 2.41422
-2.41422 1. 2.41422 5.82843
5.82843 -2.41422 -1. -2.41421
-5.82843 2.41422 1. 2.41421
2.41422 -1. -2.41422 -5.82843
-2.41422 -1. -2.41422 5.82843
3.41422 -3.41422 -3.41422 3.41422
1. -2.41421 -5.82843 -2.41422
-4.82843 0 -4.82843 0
-1. -2.41421 -5.82843 2.41422
-2.41421 5.82843 2.41422 1.
0 4.82843 0 -4.82843
3.41422 3.41422 3.41422 3.41422
5.82843 2.41421 1. -2.41422
2.41422 5.82843 2.41422 -1.
-1. 2.41422 -5.82843 -2.41422
2.41421 1. -2.41422 5.82843
-3.41422 3.41422 -3.41422 3.41422
4.82843 0 -4.82843 0
-2.41422 5.82843 -2.41421 -1.
0 4.82843 0 4.82843
5.82843 2.41422 -1. 2.41422
3.41422 3.41422 -3.41422 -3.41422
1. 2.41422 -5.82843 2.41421
2.41422 5.82843 -2.41421 1.