4OFF
# Vertices for 5{3}5 , 4D real representation
120

# Vertices.  Each line is the XYZW coordinates of one vertex.
-57417. -128389. 57416.7 -57417.2
35485.7 -150320. 35484. -35486.1
0 -114834. 0 -114835.
21932. -92903.7 92902. -92903.
-35486.6 -150320. -35486.7 -35486.1
-35485.6 -150320. 35484.6 35485.6
1.04604 -114835. 114833. 0
92902.7 -92903.1 21929.7 -92903.3
-92903.6 -92902.3 -21931. -92902.9
-57417. -57417.3 57417.6 -128389.
57416.1 -128388. -57418.9 -57417.8
-57416. -57418.2 128389. -57416.9
92903.7 -92904. 92901. -21931.7
-114835. -114834. 0 0
35485.1 -150320. -35487.7 35485.2
-92902. -92903.7 92903. 21931.7
57417.7 -128390. 57415.1 57416.9
-128388. -57417.3 57418.2 -57416.8
114834. -114835. -2.42387 0
35485.7 -35485.8 35485.4 -150320.
-21932.9 -92901.8 -92903.4 -92903.3
35487.3 -35487.2 150319. -35485.6
-57418. -128388. -57417.9 57416.9
-21930.3 -92904. 92902.1 92903.
57416. -57416.5 -57418.1 -128389.
-35486.7 -35485. -35485.4 -150320.
1. 0 114835. -114834.
92903.7 -21932.3 92901.9 -92903.
-92904.3 -92901.8 -92902.7 -21931.6
-1.57199 -114833. -114835. 0
-35484. -35487.2 150320. 35486.1
57418.7 -57418.7 128387. 57417.2
-92902.6 -92903.1 21931.4 92903.
0 -114835. -1.37806 114834.
-114835. 0 1.57222 -114834.
128388. -57416.8 -57419.1 -57417.8
-92902.1 21930.9 92904.4 -92902.4
150320. -35486.4 35483.8 -35486.2
92901.7 -92902.3 -92904.9 21930.7
-150321. -35485. -35484.3 -35485.5
-114833. 0 114836. 0
128389. -57418.2 57415. 57416.8
-150320. -35485.8 35487.1 35486.2
92902.7 -92903.1 -21933.6 92902.4
-35485.7 35485.8 35486.9 -150320.
114834. 0 -1.04582 -114835.
-92904.3 -21930.1 -92901.9 -92902.9
57415.4 -57415.9 -128390. -57417.8
114836. -1.37782 114833. 0
-35484.1 35484.5 150321. -35485.2
-128389. -57416.5 -57416.4 57417.3
21930.4 -92902.3 -92904.3 92902.4
57418. -57418.2 57415.7 128389.
-92901.7 -21932.3 92903.6 92903.3
35485. 35486.4 -35485.5 -150320.
-1.61803 1.37804 -114834. -114835.
57417.6 57416.8 57417.4 -128389.
-35487.7 -35484.1 -150320. -35486.1
-150320. 35485.8 35487.9 -35485.2
57418.6 57415.9 128389. -57416.9
150320. -35485.8 -35487.9 35485.2
-57418.6 -57415.9 -128389. 57416.9
35487.7 35484.1 150320. 35486.1
-57417.6 -57416.8 -57417.4 128389.
1.61803 -1.37804 114834. 114835.
-35485. -35486.4 35485.5 150320.
-57418. 57418.2 -57415.7 -128389.
92901.7 21932.3 -92903.6 -92903.3
-21930.4 92902.3 92904.3 -92902.4
128389. 57416.5 57416.4 -57417.3
35484.1 -35484.5 -150321. 35485.2
-114836. 1.37782 -114833. 0
-57415.4 57415.9 128390. 57417.8
35485.7 -35485.8 -35486.9 150320.
92904.3 21930.1 92901.9 92902.9
-114834. 0 1.04582 114835.
-92902.7 92903.1 21933.6 -92902.4
150320. 35485.8 -35487.1 -35486.2
114833. 0 -114836. 0
-128389. 57418.2 -57415. -57416.8
-92901.7 92902.3 92904.9 -21930.7
150321. 35485. 35484.3 35485.5
92902.1 -21930.9 -92904.4 92902.4
-150320. 35486.4 -35483.8 35486.2
-128388. 57416.8 57419.1 57417.8
114835. 0 -1.57222 114834.
92902.6 92903.1 -21931.4 -92903.
0 114835. 1.37806 -114834.
-57418.7 57418.7 -128387. -57417.2
35484. 35487.2 -150320. -35486.1
1.57199 114833. 114835. 0
92904.3 92901.8 92902.7 21931.6
-92903.7 21932.3 -92901.9 92903.
-1. 0 -114835. 114834.
-57416. 57416.5 57418.1 128389.
35486.7 35485. 35485.4 150320.
21930.3 92904. -92902.1 -92903.
57418. 128388. 57417.9 -57416.9
-35487.3 35487.2 -150319. 35485.6
21932.9 92901.8 92903.4 92903.3
-35485.7 35485.8 -35485.4 150320.
-114834. 114835. 2.42387 0
128388. 57417.3 -57418.2 57416.8
92902. 92903.7 -92903. -21931.7
-57417.7 128390. -57415.1 -57416.9
-35485.1 150320. 35487.7 -35485.2
114835. 114834. 0 0
57416. 57418.2 -128389. 57416.9
-92903.7 92904. -92901. 21931.7
-57416.1 128388. 57418.9 57417.8
-92902.7 92903.1 -21929.7 92903.3
57417. 57417.3 -57417.6 128389.
92903.6 92902.3 21931. 92902.9
-1.04604 114835. -114833. 0
35485.6 150320. -35484.6 -35485.6
35486.6 150320. 35486.7 35486.1
-21932. 92903.7 -92902. 92903.
0 114834. 0 114835.
-35485.7 150320. -35484. 35486.1
57417. 128389. -57416.7 57417.2