4OFF
# Vertices for 4{3}4 , 4D real representation
24

# Vertices.  Each line is the XYZW coordinates of one vertex.
10.9442 1.1877 -15.2575 0
9.94423 -7.26458 -5.03262 13.3037
18.725 0 1.83131 0
9.78074 15.7169 -3.36094 0
1. 8.45227 -10.2249 13.3037
8.78074 7.26458 6.86394 13.3037
1.16349 -14.5292 -11.8966 0
9.94423 -7.26458 -5.03262 -13.3037
1. 8.45227 -10.2249 -13.3037
-7.78074 1.1877 -17.0888 0
8.78074 7.26458 6.86394 -13.3037
-8.78074 -7.26458 -6.86394 13.3037
-8.94423 15.7169 -5.19226 0
8.94423 -15.7169 5.19226 0
-1.16349 14.5292 11.8966 0
-9.94423 7.26458 5.03262 13.3037
-1. -8.45227 10.2249 13.3037
7.78074 -1.1877 17.0888 0
-8.78074 -7.26458 -6.86394 -13.3037
-9.94423 7.26458 5.03262 -13.3037
-18.725 0 -1.83131 0
-9.78074 -15.7169 3.36094 0
-1. -8.45227 10.2249 -13.3037
-10.9442 -1.1877 15.2575 0