4OFF
# Vertices for 2{6}3 , 4D real representation
16

# Vertices.  Each line is the XYZW coordinates of one vertex.
0.94407637310114 -1.366025419544935 -0.4377976005396436 -1.335319595991864
1.536608761657965 -1.36602538813238 -0.4177086206153357 0.5747855847237771
0.00000000927043591891774 -0.999999999999999 1.283531620438215 -1.44381348757522
1.717408064175513 0.00000004287065365204956 0.997836637141117 0.887063917794368
-0.944076347773836 -1.36602538802394 1.377407989993094 0.278374793255632
0.0985794735081256 -0.00000004295003901738697 -1.624110687389284 -1.443813481748813
0.00000000927043838916397 -0.999999999999999 -1.283531590266749 1.443813514397265
-0.00000000927043625198465 0.999999999999997 1.283531590266749 -1.443813514397265
-1.536608736330658 -1.366025419436492 -0.5219016864081359 0.4821592912916454
1.53660873633066 1.366025419436492 0.5219016864081382 -0.4821592912916449
-0.0985794735081248 0.00000004295003854183511 1.624110687389286 1.443813481748815
0.944076347773836 1.366025388023938 -1.377407989993092 -0.278374793255634
-1.71740806417551 -0.00000004287065159813697 -0.997836637141117 -0.887063917794369
-1.536608761657964 1.366025388132381 0.4177086206153377 -0.57478558472378
-0.00000000927043614096235 0.999999999999998 -1.283531620438215 1.44381348757522
-0.94407637310114 1.366025419544935 0.4377976005396443 1.335319595991864