4OFF
# Vertices for 5{6}2 , 4D real representation
600

# Vertices.  Each line is the XYZW coordinates of one vertex.
2.429367138821269 -0.891006586305351 2.58580166517903 -0.0966817882720935
2.035129286207858 -1.598113365739893 2.429367188611546 -0.891006494595032
1.598113260539144 -2.035129388968817 2.585801625859474 0.0966818504019711
1.441678788724433 -1.04744106124883 3.196226610427089 0.00000003836123625700072
2.148785582641283 -1.441678895012534 2.429367172311478 0.891006552980399
1.047440936517864 -1.441678911254436 3.039792142833185 -0.987688301829437
1.694795076323883 -0.550672382217189 3.039792147972129 0.987688374796847
0.891006477785606 -2.4293672387526 2.489119799929033 -0.7071067453158619
3.039792115808096 -0.987688386990669 1.694795153673705 -0.5506722998382174
2.489119791379975 -0.707106838705225 2.148785661673837 -1.441678818201893
2.58580160661855 0.0966817538531117 2.489119879483614 -0.7071067579160719
2.585801616238464 -1.878694906200843 1.441678852310502 -1.047440971856879
0.987688285869566 -0.156434543617681 3.476808188475769 -0.5506722763289207
1.878694833078092 -2.58580168541356 1.694795088788608 0.5506723406404061
2.585801609490695 -0.0966818741953208 2.489119858419207 0.7071068051085509
1.441678799480906 -2.148785674225258 2.035129325226267 -1.598113277219722
0.4539904456205656 -0.891006597565131 3.476808151518327 0.5506723597263998
0.7071067380289038 -2.489119882107611 2.489119778905792 0.7071068177022371
0.1564344079942815 -0.987688416852212 3.476808158129792 -0.5506722715225898
1.441678805083398 -2.148785666400755 2.148785580488674 1.44167886985216
0.891006471289283 -0.4539905743362073 3.136473985185543 -1.598113268400929
2.585801621292551 -1.878694899142264 1.441678827201148 1.047441006600315
0.987688289399999 0.156434390173694 3.476808181930915 0.5506723549095183
0.987688304965359 -3.039792186376851 1.782012998753712 0.00000002921881292472506
1.694795074632433 0.5506722434195269 3.039792195078874 -0.987688310104343
2.489119807192766 -2.489119858050438 0.98768832743255 -0.1564344508200173
3.196226583605377 -0.00000004683220311552105 1.78201309706314 0.00000001364812396431603
2.148785588243775 -1.441678887188047 1.598113331829371 -2.035129310995146
2.489119800445007 -0.7071068260449149 2.035129333541254 1.59811332614541
0.5506722674947905 -1.694795184658839 2.585801640821524 -1.878694829407994
1.782013004456096 -0.00000006631433724368918 2.58580169563262 -1.878694838089223
3.136473942987848 -1.598113334614915 0.987688352498383 0.1564344746964532
-0.00000004889498260633093 -1.782013109716726 3.03979209596092 0.98768838303461
0.7071067352920767 -0.7071068445003656 3.136473938689433 1.598113343645432
-0.0966818632462049 -2.585801701035779 2.585801590646337 -0.0966817764672756
2.429367144262113 0.891006462722905 2.585801700771567 0.0966818385370648
1.878694838132173 -2.585801678354982 1.047440980115936 -1.441678823599806
0.5506722765598146 -1.694795171998533 2.585801595785281 1.878694900159006
-0.5506723695636051 -1.694795188240433 3.196226566306989 0.00000004534917252829729
2.035129305929458 -1.598113338196512 1.598113277983847 2.035129349453619
1.782013013521118 -0.00000005365403143997582 2.585801650596377 1.878694891477782
-0.1564345194290885 -0.987688412267954 3.136473957876649 -1.598113264075625
0.0966817729792449 -2.585801696810433 2.148785585264115 -1.441678806099785
1.441678794572123 1.047440917208364 3.196226654993205 0.00000003130265635586937
1.598113281952189 -3.136473987062163 0.891006487248386 -0.4539904823473133
3.476808156144328 -0.5506723432769443 0.891006559992282 0.4539905038865635
1.69479508538891 -0.5506723695568984 1.878694909878048 -2.585801625685303
3.039792130475616 -0.987688366505872 1.047440997240201 1.441678848883561
0.7071067352920773 -0.7071068445003746 2.489119855126107 -2.489119799051975
2.489119796681495 0.7071067255586813 2.035129401937073 -1.598113289369528
3.136473948590341 -1.598113326790422 0.4539905241974687 -0.891006520929072
3.476808156144326 -0.5506723432769498 0.7071068309074258 -0.707106779243764
2.585801618555719 -0.0966818615350308 1.441678903421467 -2.148785610153898
2.48911980228399 0.7071067333831812 2.148785657199482 1.441678857702358
0.7071067315285688 0.7071067071032272 3.136474007085253 -1.598113271869504
2.489119817849349 -2.489119843167367 0.4539904740222804 0.891006532011653
0.707106747093925 -2.489119869447318 1.441678823908051 -2.148785597560208
0.891006481535003 0.4539904359123865 3.136473966191637 1.598113339289509
-0.00000003606645487819193 -3.196226648660025 1.694795060386162 -0.5506722850629215
0.4539904479378205 0.891006447100686 3.476808202629293 -0.5506722785706187
1.598113287554687 -3.136473979237671 0.7071067303295981 0.7071067963745441
-0.7071068347921905 -0.7071068513222022 3.476808137744201 0.550672361908005
0.096681782044266 -2.585801684150131 2.035129257131533 1.598113338247519
2.148785586390679 1.441678779652437 2.429367255010759 -0.891006505111636
3.039792123979284 0.987688297910521 1.694795182496717 0.5506723257985006
2.489119817849341 -2.489119843167367 0.15643446184109 -0.987688336338371
1.59811328026074 -2.035129361425448 0.89100653435513 -2.429367167248506
-0.7071068229903364 -2.489119876269145 2.429367106526147 0.891006563399768
-0.4539905461473594 -0.89100658426108 3.136473917090812 1.598113347066314
1.047440962825589 -1.44167887451281 1.878694819075083 2.585801670818788
0.891006500630801 -2.429367206846779 1.441678776469587 2.148785644837242
0.891006491010877 -0.4539905467928288 2.489119803642695 2.489119858778049
-0.891006579744542 -0.4539905730727737 3.476808153528467 -0.550672270793814
-1.04744104193933 -1.441678905406744 3.039792110922971 -0.98768829677536
-0.891006570124626 -2.429367233126731 2.429367126355351 -0.891006484734621
3.136473957655372 -1.598113314130122 0.156434466980027 0.987688340287909
0.891006481535003 0.4539904359123784 2.489119882628312 -2.489119803407898
3.476808157028064 0.5506722859563009 0.89100659430517 -0.4539904993034519
2.429367161666458 -0.891006554399546 0.7071068290714 -2.489119823946722
0.1564344161654698 0.987688268048979 3.476808186952803 0.5506723541141268
0.5506722939641595 -3.476808189120977 0.891006453169978 0.4539905208055541
2.585801629463744 0.0966817857589326 1.441678856024163 2.148785632237028
-0.0000000398299593307172 -1.782013097056434 1.878694857866837 -2.585801617447538
2.035129299429113 1.598113251014324 2.42936723524816 0.891006543012203
0.987688319632874 -3.039792165892059 0.5506722868371897 -1.694795107321774
1.047440949332278 1.441678776070843 3.039792180496217 0.987688369645529
0.550672293964158 -3.47680818912098 0.707106724085123 -0.7071067623247704
3.196226598272894 -0.00000002634741537682518 0.5506723851466165 -1.694795122892463
2.429367170731484 -0.891006541739232 0.891006513120015 2.429367188750608
-0.4539905461473586 -0.891006584261087 2.489119833527485 -2.48911979563109
3.476808162630557 0.5506722937807998 0.7071068373863882 0.7071067794184096
1.441678815032154 -1.047441024507221 0.987688376707489 -3.039792133819997
3.039792129033368 0.987688304969094 1.047441073824042 -1.441678838441715
3.039792138653292 -0.987688355084854 0.00000004665092434574802 -1.782013052382529
-0.1564344997074943 -0.987688384724575 2.489119776333806 2.489119863103352
-1.441678885487718 -2.148785672180981 2.585801577138049 0.0966818581186819
-0.707106833501614 0.7071067073399759 3.476808181030671 -0.5506722751497364
0.987688327810551 -3.039792154471035 0.5506722462094043 1.694795136241586
1.598113294928257 -2.03512934094065 0.7071067324001017 2.48911984104036
-0.987688392663621 -0.1564345343926649 3.136473962898542 -1.598113264871018
1.598113271434426 2.035129270027124 2.585801714767033 -0.0966817961260636
1.598113296619708 -3.136473966577371 -0.1564344955832868 -0.987688335757581
3.196226606450577 -0.00000001492638240785382 0.5506723445188355 1.6947951206709
0.4539904653421639 -0.891006570021764 1.598113330929126 -3.136473941054402
-0.8910065745529 0.4539904301172357 3.476808159643912 0.5506723584394305
-0.00000002139893767738599 -3.196226628175236 1.047440903952667 1.441678863658856
1.694795100940158 0.5506722801611535 1.878694871320768 2.585801662543879
-0.7071068173878449 -2.489119868444656 1.598113266044033 -2.035129300575777
1.878694861864716 -2.585801645209887 -0.00000004775197570694445 1.782013052556933
-0.4539905488841849 0.891006453346155 3.136473993311125 -1.598113269687898
3.476808173387028 -0.5506723191956224 -0.1564344356332427 0.987688332187476
0.987688309121598 0.1564344177170625 1.598113361341716 -3.136473945871284
0.7071067512501612 0.707106734646606 2.489119825542408 2.489119855309477
-0.987688373567829 -3.039792177151835 1.441678773176482 -1.047440959323282
-0.1564345062038239 0.987688279691819 3.136473961590315 1.598113340018287
-0.5506723405190558 -3.47680818910605 0.98768825636707 0.1564344899221577
3.136473951155026 1.598113275080715 0.987688424244348 -0.1564344661535069
2.58580162672691 1.878694823366162 1.441678932244478 -1.047440984517184
2.035129305031613 1.598113258838819 1.598113394766052 -2.035129320963344
3.136473966720392 -1.598113301469826 -0.7071067589328529 -0.7071067918442139
2.585801645025089 -1.878694865997175 -0.5506722964112782 -1.694795128290372
2.035129320596976 -1.598113317711728 -0.0966817884111516 -2.585801646654054
2.42936716398371 0.891006490266271 0.891006609267222 -2.429367179113416
3.476808173387025 -0.5506723191956291 -0.4539904478144361 -0.891006536162548
1.441678829699675 -1.047441004022412 0.987688303837319 3.039792157599194
-1.441678887179166 -1.047441046544261 2.585801624244795 -1.878694826782505
0.5506722769565581 1.694795058904531 2.585801712931008 -1.878694840829023
2.489119835092043 -2.489119819086044 -0.7071068046995768 0.7071067750928694
-0.987688384079103 0.1564344064572967 3.136473931244337 1.598113344824619
-0.987688368513744 -3.039792170093245 1.441678748067138 1.04744101913391
-0.00000004371206274722539 1.782012980380824 3.039792195458269 -0.987688310164437
1.598113305684727 -3.136473953917064 -0.4539905528007178 0.8910065254594
2.585801631780995 1.878694830424751 1.441678907135125 1.047440993940009
0.891006509695825 -2.42936719418649 0.0966818092906443 -2.585801638775234
2.148785606112273 1.44167880719582 1.598113344383055 2.035129338937015
-0.096681840401013 -2.585801669129964 0.7071067545387067 -2.489119812141902
1.441678810123369 2.148785566926397 2.148785706474427 -1.441678825297618
2.489119835092044 -2.489119819086048 -0.891006533784438 -0.4539905080374561
0.987688323382275 -0.1564344912270674 1.598113279497966 3.13647397941564
-1.598113345911427 -2.035129374042431 2.035129281340637 -1.598113270268928
1.047440958397308 1.44167878873114 1.87869494240214 -2.585801630836619
3.13647397232289 -1.59811329364533 -0.891006515851644 0.453990486877643
2.585801653202769 -1.87869485457615 -0.5506723370390655 1.694795115272987
-0.1564345062038197 0.987688279691813 2.489119878026989 -2.489119802679123
3.476808171695581 0.5506723064410927 -0.1564343885264984 -0.987688352713717
2.585801638528761 0.0966817984192157 0.0966818888452279 -2.585801651375443
-1.694795167239478 -0.5506723727554213 3.039792096340317 0.987688382974518
-0.891006550403025 -2.429367205583346 1.598113215727655 2.035129359314035
-1.598113340308934 -2.035129366217924 2.148785536603057 1.441678876802959
-1.441678878114145 -1.04744103388396 2.585801579208549 1.878694902784498
0.1564344455069918 -0.987688364461597 1.598113249151989 3.13647398422197
-0.0966818313359864 -2.585801656469658 0.891006438587325 2.429367200555425
-1.78201309706314 -0.00000006302156196902331 3.196226583605373 0.00000004260937158662159
-2.035129373906117 -1.598113355029624 2.489119773040706 -0.7071067410571763
0.5506722860215746 1.694795071564834 2.585801667894767 1.878694888737983
-0.5506723601018426 1.694795055322936 3.196226638416469 0.00000003392814734715088
0.5506723112068591 -3.476808165039657 -0.1564345424555458 0.987688349106467
-0.5506723349165624 -3.476808181281558 0.4539904280661544 -0.891006505703367
2.148785625208076 -1.441678835563347 -0.096681845339001 2.585801644484741
-0.987688384079106 0.1564344064572833 2.489119847681009 -2.489119797872791
0.891006494760269 2.429367127872146 2.489119886341978 0.707106800686012
1.441678819188388 2.148785579586701 2.035129378341845 1.598113319049688
0.5506723112068571 -3.476808165039659 -0.4539905546367395 -0.891006519243555
-0.00000001322125997571533 -3.196226616754215 -0.00000004663661412607212 -1.78201303760723
0.7071067485133367 2.489119772253838 2.489119901762722 -0.7071067614447396
1.598113311287228 -3.136473946092578 -0.987688381101632 -0.1564344701661184
3.136473961811601 1.598113289963793 0.453990570834082 0.891006516678164
1.047440977493107 -1.441678854028027 0.00000002359522863204511 -3.196226608419211
2.585801650465942 -0.0966818169689023 0.0966818227445765 2.585801641216182
2.42936717865123 0.891006510751083 0.7071068073121912 2.489119829175444
-0.707106815070591 -0.7071068237788351 1.598113317154999 -3.136473938872795
-0.55067234325588 -1.694795151498821 0.987688332587383 -3.03979212683206
1.878694844857105 2.585801602815625 1.694795212009059 -0.5506723090776395
1.87869487004239 -2.585801633788869 -1.047440998341257 -1.441678848709155
3.4768081840436 -0.5506723043125516 -0.987688301224701 0.1564344466691232
1.441678820879845 1.047440953949978 0.9876884212736 -3.03979214087858
-1.047441015631608 -1.44167886866512 1.878694787164868 2.585801675872863
-2.14878566175503 -1.441678884907019 2.489119757686574 0.7071068210630299
-0.987688372942026 -0.1564345068492916 2.489119781355694 2.489119862307958
-1.878694896488914 -2.585801674925107 1.694795031554311 0.5506723497054249
-1.694795168930933 0.5506722528812938 3.039792143447063 -0.987688301926672
0.7071067790041379 -2.489119824881191 0.0966817432311615 2.585801653809878
3.476808180760606 0.5506723191013951 -0.4539904457439361 0.891006508503261
0.987688323382274 -0.1564344912270823 0.5506723695364673 -3.476808165413817
3.136473961811603 1.598113289963787 0.1564345586528885 -0.987688351671858
2.489119832355223 -0.707106781478811 -0.7071067284792669 -2.489119841661354
-0.4539905291625896 0.891006480889533 2.489119811768279 2.489119857491076
-1.598113329552461 -3.136473979194347 0.987688251402229 -0.1564344387779968
-1.047441029124914 1.441678781918535 3.039792148586008 0.98768837469961
-0.5506723258515383 -3.476808168621252 0.1564343708487208 0.987688355513613
3.039792152765911 0.9876883381142 0.00000004595612584923359 1.782013037715019
3.039792162385835 -0.987688321939761 -1.047440981216992 1.441678823774208
0.1564344358870675 0.987688295592344 1.598113366363603 -3.136473946666676
0.1564344455069901 -0.987688364461612 0.5506723391904878 -3.476808160607485
2.489119821843936 2.489119802130312 0.987688429588593 0.156434462486559
1.4416788420477 -2.148785614776069 -0.891006518822388 -2.429367187847425
-0.5506723285883606 -1.694795131014015 0.987688259717215 3.039792164587128
-2.489119871158492 -0.707106829573974 2.585801594170604 -0.0966817770254649
1.694795127955702 -0.5506723101076955 -0.00000002420910449885127 3.196226608516449
1.441678835547359 1.047440974434779 0.987688348403425 3.039792150540608
1.441678851112723 -2.148785602115766 -0.7071068347737746 2.489119824849903
-1.441678881331482 1.047440931912931 2.585801668810902 -1.878694833841086
-1.69479515817446 -0.5506723600951351 1.878694858246235 -2.585801617507635
-1.441678865766121 -2.148785644637616 0.891006485633701 -2.429367159531794
0.4539904854505245 0.8910064994913 1.598113293651487 3.136473977173939
-1.878694891434835 -2.585801667866535 1.047440922881632 -1.441678814534787
-0.0966818483435953 2.585801591555848 2.585801698348356 0.0966818389208513
0.5506723218634324 -3.476808150156584 -0.987688408047004 0.1564344635881146
3.476808186363097 0.5506723269258887 -0.98768827404485 -0.156434487122258
1.694795115607677 0.5506723006459385 0.00000007584092065471282 -3.196226616694121
0.4539904972523762 -0.891006525455644 0.55067226243343 3.476808178665703
-2.429367219626459 -0.891006567977485 2.148785582840908 -1.441678805715992
2.48911984702274 -0.7071067609940068 -0.891006530434294 2.429367166627519
-0.891006554831303 0.453990457660597 1.59811333905471 -3.136473942341372
0.891006503825296 2.429367140532438 1.441678931344232 -2.148785614576437
2.585801667870289 -1.878694834091359 -1.782013048955593 -0.00000002126760056953003
2.48911982744643 2.489119809954802 0.4539906012876766 -0.891006533138965
1.598113294279617 2.035129301932938 0.7071068786594003 -2.489119831800698
3.039792167439918 -0.987688314881183 -1.694795089889665 -0.5506723404660065
2.148785634273095 -1.441678822903054 -1.441678812517931 -2.148785639127726
-0.891006542231835 -0.4539905206821624 1.598113244550665 3.136473984950745
-2.58580167835872 -1.878694895475647 1.782012969021616 0.0000000339279069283549
0.987688321936014 3.03979210504234 1.782013128089608 0.00000000873400585188477
1.878694859524619 2.585801623300421 1.047441055575563 1.441678839644142
0.096681788769204 2.585801597020473 2.035129405461334 -1.59811328992772
1.87869488470991 -2.585801613304073 -1.694795154774749 0.5506723000126261
0.987688351543093 -3.039792121325946 -1.44167887740302 -1.047440998649097
0.0966818139544884 -2.585801639584025 -0.7071068048889835 -2.489119829559239
2.148785620779797 1.441678827680611 -0.0966817220119378 -2.585801657170665
3.196226630183113 0.00000001821870188045693 -1.4416787790936 -1.047441014219792
-1.441678872266456 1.047440944573237 2.585801623774663 1.878694895725922
-1.598113318895884 -3.13647396431127 0.4539903979919647 0.891006544053668
0.987688341031815 0.1564344622831881 0.5506722928460194 3.476808173848821
-2.148785652690004 -1.441678872246726 1.441678802688828 -2.148785594199419
0.0966817943716928 2.58580160484497 2.148785660723744 1.441678857144163
-0.550672316786515 -3.476808155960962 -0.707106855064165 -0.7071067766185102
1.598113303344639 2.03512931459324 0.891006562708009 2.429367180896627
-0.891006535735506 -2.429367185098565 -0.0966818506673436 -2.585801636793644
-0.00000001740434441011018 1.782013017122448 1.878694871700166 2.58580166248378
-1.598113318895883 -3.136473964311277 0.1564343858107671 -0.987688324296355
-0.707106813393251 2.489119776853027 2.429367233791535 -0.891006501750851
0.987688356597169 -3.039792114267354 -1.441678902512373 1.047440979808092
3.196226635237198 0.00000002527728715229216 -1.44167880420295 1.047440964237405
0.4539904854505263 0.891006499491288 0.5506723836899903 -3.476808167655516
3.039792160943581 0.987688349535206 -1.047440904633148 -1.441678863551066
2.489119839248287 0.7071067850078646 -0.89100644211158 -2.429367199997234
-2.035129351060926 -1.598113323123806 1.441678749581258 2.148785649095925
-2.42936721056144 -0.891006555317181 2.035129254708328 1.598113338631316
0.000000002736832316330151 -1.782013037607236 -0.00000007622031206189206 3.196226616754217
-2.585801684855045 0.0966817689407439 2.429367154278122 -0.891006489157162
2.035129352507191 -1.598113273145605 -1.441678869088038 2.148785604716032
-1.047441020059887 1.441678794578828 1.878694910491924 -2.585801625782539
3.136473979054307 1.598113314045118 -0.7071067078877818 0.7071067597593748
0.891006522921097 -0.4539905022267226 -0.5506722705590149 -3.476808177378733
-1.4416788510986 -2.148785624152809 0.7071066836786796 2.48911984875707
-2.585801681095548 -0.0966818578684043 2.429367128805256 0.891006559871103
2.48911983651145 2.48911982261511 0.1564345440702393 0.987688328078018
0.5506723191266103 -1.694795112549354 -0.987688331826695 -3.039792153166105
3.136473979054302 1.598113314045108 -0.891006436972631 -0.4539905233709431
1.782013056087911 0.000000005795145918696676 -0.987688277015599 -3.039792161847331
-0.891006552262608 2.429367134737294 2.429367208359833 0.891006547270888
-1.441678873957908 2.148785570209952 2.585801670881405 -0.0966817891752687
0.0000000105112811787933 -3.196226583609117 -1.047441074504522 1.44167883854951
-0.5506723111840206 -3.476808148136465 -0.891006611982946 0.4539905021033507
-0.7071067959889081 0.70710675973059 1.598113272052868 3.136473980594825
-0.7071067804235451 -2.489119816819954 -0.09668191112433 2.585801654904118
-2.489119866744327 0.7071067334506454 2.58580162193864 0.0966818510229648
-2.489119851178968 -2.489119843099898 0.891006438761438 -0.453990474667743
0.7071067713585258 2.489119804159658 1.441678878303267 2.148785628708355
-0.987688344781207 -3.039792136948162 -0.5506723755452954 -1.694795115756778
2.489119848313311 0.7071067976681734 -0.7071067580629689 2.489119812700099
-0.891006542231834 -0.4539905206821767 0.5506723345891652 -3.476808159878708
2.585801655513531 1.878694863569829 -0.5506722164773037 -1.694795140950683
2.585801665133454 -0.0966817964841218 -1.598113243650417 -2.03512935489149
1.598113301653186 3.136473940229953 0.891006609814756 0.4539904959954417
0.7071067936716578 -2.489119804396411 -1.59811332316383 -2.035129342297798
0.0966818286220026 -2.585801619099217 -0.891006606844004 2.429367178729629
-2.148785657118287 1.441678790997235 2.489119835977387 -0.7071067510253681
2.035129341995908 1.598113310463519 -0.0966817824023217 2.585801634516546
-1.04744100096409 -1.441678848180338 -0.00000000831498493669702 -3.196226603365133
1.598113301653187 3.136473940229954 0.7071068807299007 -0.7071067871348768
1.598113326838473 -2.03512929637454 -2.035129329620415 -1.598113326766397
-1.69479514262321 0.5506722896229126 1.878694819688958 2.585801670721549
-2.489119845576473 -2.489119835275399 0.7071066818426567 0.7071068040541154
-2.035129361572204 1.598113260485313 2.489119824085783 0.7071068105464233
-0.987688336603528 -3.039792125527133 -0.550672416173077 1.694795127806585
2.585801663691212 1.878694874990865 -0.5506722571050895 1.694795102612681
-0.1564344677972762 -0.987688340158471 -0.5506722978679072 -3.47680817305343
1.878694867702295 2.585801634721435 0.0000001049862827784409 -1.782013061621951
2.429367207695786 -0.89100649011455 -2.14878558619105 -1.441678868948981
-0.7071067831603727 -0.7071067792127081 0.5506722486593074 3.476808180847306
-3.039792175611093 -0.987688370020003 1.694795061066653 -0.5506722851707093
0.891006546660124 -2.42936714256179 -1.598113367877719 2.035129316704659
-1.598113335903491 2.035129283714235 2.148785657752997 -1.441678817580907
0.7071067959889131 -0.7071067597305824 -0.5506723620913671 3.476808164234629
0.550672333794126 -1.694795092064553 -0.987688404696867 3.039792138253089
-2.429367213298267 0.89100648229005 2.03512933092864 -1.598113278122901
-2.585801675493055 -0.0966818500439178 1.598113288323142 -2.035129304104445
-0.00000001556536033602552 3.19622657655054 1.694795183177201 0.5506723256907086
1.782013070755426 0.00000002627995195195845 -0.987688349885772 3.039792129571862
-1.782013070755419 -0.00000002627994956326152 0.987688349885773 -3.039792129571859
0.00000001556536170696596 -3.196226576550541 -1.694795183177198 -0.5506723256907052
2.585801675493066 0.0966818500439224 -1.598113288323143 2.035129304104447
2.429367213298277 -0.891006482290054 -2.035129330928644 1.5981132781229
-0.550672333794119 1.694795092064545 0.987688404696867 -3.039792138253087
-0.7071067959889081 0.7071067597305758 0.5506723620913693 -3.476808164234631
-0.891006546660115 2.429367142561789 1.598113367877724 -2.035129316704657
1.598113335903494 -2.035129283714231 -2.148785657752995 1.441678817580909
3.039792175611105 0.987688370020013 -1.694795061066651 0.5506722851707111
0.7071067831603813 0.7071067792127108 -0.5506722486593033 -3.476808180847309
-1.878694867702294 -2.58580163472144 -0.0000001049862756730136 1.782013061621953
-2.429367207695772 0.891006490114552 2.14878558619105 1.441678868948985
0.1564344677972813 0.987688340158463 0.5506722978679077 3.476808173053425
-2.585801663691203 -1.878694874990859 0.5506722571050858 -1.694795102612679
0.98768833660353 3.039792125527132 0.5506724161730792 -1.69479512780658
2.035129361572205 -1.598113260485315 -2.489119824085779 -0.7071068105464203
2.489119845576473 2.489119835275398 -0.7071066818426466 -0.707106804054111
1.694795142623218 -0.550672289622915 -1.878694819688956 -2.585801670721549
-1.598113326838468 2.035129296374541 2.035129329620414 1.598113326766402
-1.598113301653185 -3.136473940229957 -0.707106880729897 0.707106787134888
1.047441000964098 1.441678848180339 0.00000000831498216113946 3.196226603365133
-2.035129341995903 -1.598113310463515 0.0966817824023197 -2.585801634516542
2.148785657118297 -1.441678790997237 -2.489119835977389 0.7071067510253694
-0.0966818286219997 2.585801619099219 0.891006606844009 -2.429367178729628
-0.7071067936716558 2.489119804396404 1.598113323163836 2.035129342297811
-1.598113301653185 -3.136473940229956 -0.891006609814753 -0.4539904959954349
-2.58580166513345 0.0966817964841203 1.598113243650421 2.035129354891493
-2.585801655513526 -1.878694863569829 0.5506722164773081 1.694795140950684
0.891006542231839 0.4539905206821702 -0.5506723345891626 3.476808159878703
-2.489119848313301 -0.7071067976681711 0.7071067580629682 -2.489119812700098
0.987688344781206 3.039792136948165 0.550672375545295 1.694795115756783
-0.7071067713585243 -2.489119804159661 -1.441678878303267 -2.148785628708356
2.489119851178964 2.489119843099898 -0.891006438761432 0.4539904746677513
2.489119866744339 -0.7071067334506433 -2.585801621938641 -0.0966818510229652
0.7071067804235494 2.489119816819954 0.0966819111243362 -2.585801654904115
0.7071067959889156 -0.707106759730592 -1.598113272052866 -3.136473980594825
0.550672311184024 3.476808148136461 0.891006611982957 -0.4539905021033429
1.441678873957916 -2.148785570209952 -2.5858016708814 0.0966817891752743
-0.00000001051127940243646 3.196226583609117 1.047441074504526 -1.441678838549503
0.891006552262613 -2.4293671347373 -2.429367208359826 -0.891006547270884
-1.7820130560879 -0.000000005795145474607466 0.987688277015601 3.039792161847326
-3.1364739790543 -1.598113314045106 0.89100643697264 0.4539905233709513
-0.5506723191266044 1.694795112549348 0.987688331826695 3.039792153166105
-2.489119836511449 -2.489119822615107 -0.1564345440702329 -0.98768832807801
1.441678851098609 2.148785624152813 -0.7071066836786723 -2.489119848757074
2.585801681095557 0.0966818578684097 -2.429367128805253 -0.8910065598711
-0.89100652292109 0.4539905022267183 0.5506722705590178 3.47680817737873
-3.1364739790543 -1.598113314045109 0.7071067078877831 -0.7071067597593734
1.047441020059898 -1.441678794578831 -1.878694910491923 2.585801625782541
-2.035129352507183 1.598113273145604 1.441678869088041 -2.148785604716029
2.585801684855058 -0.0966817689407432 -2.429367154278124 0.891006489157157
-0.000000002736825654992003 1.782013037607233 0.0000000762203140602935 -3.196226616754214
2.429367210561439 0.891006555317179 -2.035129254708321 -1.59811333863131
2.035129351060934 1.598113323123808 -1.441678749581254 -2.148785649095933
-2.489119839248277 -0.7071067850078623 0.891006442111582 2.429367199997226
-3.039792160943577 -0.987688349535208 1.047440904633159 1.441678863551073
-0.4539904854505226 -0.891006499491296 -0.5506723836899856 3.476808167655514
-3.196226635237187 -0.00000002527728309997812 1.441678804202948 -1.047440964237401
-0.98768835659717 3.039792114267356 1.441678902512375 -1.04744097980809
0.7071068133932581 -2.489119776853034 -2.42936723379154 0.891006501750853
1.598113318895886 3.136473964311278 -0.1564343858107702 0.987688324296358
0.00000001740434707464544 -1.782013017122454 -1.878694871700165 -2.585801662483783
0.891006535735509 2.429367185098561 0.0966818506673409 2.585801636793643
-1.598113303344638 -2.035129314593246 -0.891006562708012 -2.429367180896628
0.5506723167865154 3.476808155960961 0.707106855064171 0.7071067766185209
-0.0966817943716923 -2.585801604844978 -2.148785660723743 -1.441678857144161
2.148785652690014 1.441678872246732 -1.44167880268883 2.14878559419942
-0.98768834103181 -0.1564344622831888 -0.5506722928460183 -3.47680817384882
1.598113318895886 3.136473964311277 -0.4539903979919623 -0.891006544053665
1.441678872266465 -1.047440944573237 -2.58580162377466 -1.878694895725914
-2.148785620779788 -1.441678827680605 0.0966817220119428 2.585801657170657
-3.196226630183106 -0.00000001821869766160944 1.441678779093602 1.047441014219795
-0.987688351543087 3.039792121325938 1.441678877403029 1.04744099864911
-0.0966818139544862 2.585801639584018 0.7071068048889831 2.489119829559246
-0.0966817887691955 -2.585801597020475 -2.035129405461328 1.598113289927724
-1.878694884709902 2.585801613304071 1.694795154774754 -0.5506723000126219
-0.987688321936013 -3.039792105042345 -1.7820131280896 -0.0000000087340022991711
-1.878694859524617 -2.585801623300423 -1.047441055575562 -1.441678839644135
2.585801678358719 1.878694895475648 -1.782012969021608 -0.00000003392790293155201
0.891006542231841 0.4539905206821607 -1.598113244550661 -3.136473984950749
-2.148785634273093 1.441678822903051 1.441678812517935 2.14878563912773
-1.598113294279613 -2.035129301932937 -0.7071068786593926 2.489119831800698
-2.489119827446428 -2.489119809954807 -0.4539906012876625 0.891006533138974
-3.039792167439908 0.987688314881184 1.694795089889662 0.5506723404660065
-2.585801667870275 1.878694834091355 1.782013048955588 0.00000002126760234588687
-0.891006503825292 -2.429367140532443 -1.441678931344227 2.14878561457644
0.891006554831312 -0.4539904576605977 -1.598113339054711 3.136473942341371
-2.48911984702273 0.7071067609940092 0.891006530434295 -2.429367166627515
2.429367219626471 0.891006567977494 -2.148785582840909 1.441678805715993
-0.4539904972523736 0.891006525455637 -0.5506722624334289 -3.476808178665702
-1.694795115607666 -0.5506723006459401 -0.00000007584091715751029 3.196226616694126
-3.476808186363085 -0.5506723269258814 0.987688274044855 0.1564344871222607
-0.550672321863432 3.476808150156584 0.98768840804701 -0.1564344635881133
0.0966818483436023 -2.585801591555854 -2.585801698348351 -0.0966818389208451
1.878694891434838 2.585801667866542 -1.047440922881636 1.441678814534788
-0.4539904854505198 -0.891006499491305 -1.598113293651487 -3.136473977173938
1.441678865766123 2.148785644637609 -0.891006485633708 2.429367159531792
-1.441678851112718 2.148785602115758 0.7071068347737752 -2.489119824849902
1.694795158174465 0.5506723600951311 -1.878694858246242 2.585801617507632
1.441678881331488 -1.047440931912932 -2.58580166881091 1.878694833841088
-1.694795127955695 0.5506723101076943 0.00000002420910516498509 -3.196226608516448
-1.441678835547358 -1.047440974434784 -0.987688348403425 -3.039792150540609
0.5506723285883689 1.694795131014017 -0.987688259717208 -3.03979216458713
2.489119871158501 0.7071068295739813 -2.585801594170604 0.0966817770254638
-1.441678842047692 2.148785614776066 0.891006518822386 2.429367187847425
-2.489119821843935 -2.489119802130313 -0.987688429588581 -0.1564344624865464
-0.1564344455069842 0.987688364461605 -0.5506723391904873 3.476808160607479
-0.1564344358870604 -0.987688295592341 -1.5981133663636 3.136473946666674
-3.039792162385826 0.987688321939759 1.047440981216988 -1.441678823774208
-3.039792152765903 -0.987688338114198 -0.00000004595612768110158 -1.782013037715018
0.5506723258515399 3.476808168621251 -0.1564343708487153 -0.98768835551361
1.047441029124916 -1.441678781918539 -3.039792148586005 -0.98768837469961
1.59811332955246 3.136473979194344 -0.987688251402225 0.1564344387780028
0.453990529162594 -0.891006480889537 -2.489119811768279 -2.489119857491076
-2.489119832355214 0.7071067814788119 0.7071067284792657 2.489119841661349
-3.136473961811598 -1.598113289963786 -0.1564345586528859 0.987688351671864
-0.987688323382269 0.1564344912270758 -0.5506723695364628 3.476808165413813
-3.476808180760595 -0.5506723191013911 0.4539904457439373 -0.891006508503265
-0.7071067790041412 2.489119824881192 -0.0966817432311631 -2.58580165380987
1.69479516893094 -0.5506722528812923 -3.039792143447068 0.987688301926671
1.878694896488917 2.585801674925105 -1.694795031554306 -0.5506723497054288
0.987688372942031 0.1564345068492867 -2.489119781355694 -2.489119862307966
2.148785661755027 1.441678884907016 -2.489119757686566 -0.7071068210630253
1.047441015631614 1.44167886866512 -1.878694787164863 -2.585801675872867
-1.441678820879839 -1.04744095394998 -0.987688421273595 3.039792140878581
-3.476808184043598 0.5506723043125545 0.987688301224707 -0.1564344466691159
-1.878694870042384 2.585801633788868 1.047440998341255 1.441678848709164
-1.878694844857101 -2.585801602815626 -1.694795212009058 0.5506723090776467
0.5506723432558846 1.694795151498815 -0.987688332587386 3.039792126832059
0.7071068150705974 0.7071068237788316 -1.598113317155004 3.136473938872797
-2.585801650465934 0.0966818169689035 -0.0966818227445746 -2.585801641216179
-2.429367178651223 -0.891006510751081 -0.7071068073121907 -2.489119829175447
-1.047440977493098 1.441678854028023 -0.00000002359522904837874 3.196226608419212
-3.136473961811599 -1.598113289963791 -0.4539905708340791 -0.891006516678159
-1.598113311287219 3.136473946092574 0.987688381101639 0.1564344701661282
-0.707106748513332 -2.48911977225384 -2.489119901762717 0.7071067614447442
-0.5506723112068576 3.476808165039655 0.4539905546367464 0.891006519243563
0.00000001322125930958151 3.196226616754209 0.00000004663661434811672 1.782013037607239
-0.891006494760267 -2.429367127872153 -2.489119886341969 -0.7071068006860035
-1.441678819188384 -2.148785579586706 -2.035129378341844 -1.598113319049684
-2.14878562520807 1.441678835563341 0.0966818453390004 -2.585801644484743
0.987688384079112 -0.1564344064572846 -2.489119847681016 2.489119797872793
0.5506723349165606 3.476808181281556 -0.4539904280661533 0.891006505703374
-0.550672311206859 3.476808165039655 0.1564345424555504 -0.987688349106465
0.5506723601018493 -1.694795055322937 -3.196226638416466 -0.00000003392814401648181
-0.5506722860215715 -1.69479507156484 -2.585801667894766 -1.878694888737984
2.035129373906125 1.598113355029629 -2.489119773040709 0.7071067410571699
-0.1564344455069845 0.987688364461596 -1.598113249151985 -3.136473984221972
0.0966818313359893 2.585801656469659 -0.891006438587318 -2.429367200555424
1.78201309706315 0.00000006302156330129094 -3.196226583605378 -0.00000004260937580546909
1.598113340308935 2.035129366217923 -2.148785536603052 -1.441678876802957
1.441678878114148 1.047441033883958 -2.585801579208549 -1.8786949027845
1.694795167239489 0.5506723727554254 -3.039792096340314 -0.987688382974517
0.891006550403025 2.429367205583349 -1.598113215727652 -2.035129359314032
-2.585801638528756 -0.0966817984192209 -0.0966818888452238 2.58580165137545
-3.476808171695569 -0.5506723064410879 0.1564343885265047 0.98768835271372
0.1564345062038299 -0.987688279691814 -2.489119878026985 2.489119802679122
-2.585801653202763 1.878694854576144 0.5506723370390639 -1.694795115272987
-1.047440958397301 -1.441678788731136 -1.878694942402136 2.585801630836619
-3.13647397232288 1.598113293645329 0.89100651585164 -0.453990486877643
1.598113345911432 2.035129374042433 -2.035129281340645 1.598113270268926
-0.987688323382267 0.1564344912270663 -1.598113279497963 -3.13647397941564
-1.441678810123361 -2.148785566926408 -2.14878570647442 1.441678825297625
-2.489119835092041 2.489119819086047 0.891006533784434 0.4539905080374609
0.0966818404010157 2.585801669129963 -0.7071067545387059 2.4891198121419
-2.148785606112273 -1.441678807195824 -1.598113344383057 -2.035129338937012
-0.891006509695819 2.429367194186484 -0.0966818092906457 2.58580163877523
-2.585801631780987 -1.878694830424744 -1.441678907135123 -1.047440993940002
-1.598113305684725 3.136473953917063 0.4539905528007225 -0.891006525459396
0.0000000437120722951434 -1.782012980380833 -3.039792195458275 0.98768831016444
0.987688368513745 3.03979217009325 -1.441678748067134 -1.047441019133909
0.987688384079113 -0.1564344064572916 -3.136473931244333 -1.598113344824615
-0.5506722769565473 -1.694795058904539 -2.585801712931006 1.878694840829026
-2.489119835092042 2.489119819086044 0.7071068046995817 -0.7071067750928649
-1.441678829699667 1.047441004022412 -0.987688303837314 -3.039792157599191
1.441678887179174 1.047441046544268 -2.585801624244797 1.878694826782505
-2.429367163983707 -0.891006490266281 -0.891006609267213 2.429367179113422
-3.476808173387024 0.55067231919563 0.4539904478144424 0.891006536162556
-2.035129320596965 1.598113317711725 0.0966817884111508 2.585801646654053
-2.585801645025084 1.878694865997172 0.5506722964112827 1.694795128290377
-2.035129305031604 -1.598113258838816 -1.598113394766044 2.035129320963344
-2.585801626726906 -1.878694823366162 -1.441678932244469 1.047440984517187
-3.136473966720388 1.598113301469826 0.7071067589328546 0.7071067918442204
-3.136473951155026 -1.598113275080716 -0.987688424244344 0.1564344661535144
0.5506723405190551 3.476808189106046 -0.987688256367069 -0.1564344899221513
0.1564345062038262 -0.987688279691824 -3.136473961590313 -1.598113340018286
0.987688373567826 3.039792177151826 -1.441678773176483 1.047440959323287
-0.7071067512501567 -0.7071067346466114 -2.489119825542407 -2.489119855309475
-0.987688309121592 -0.1564344177170644 -1.598113361341711 3.136473945871284
-3.476808173387023 0.5506723191956251 0.156434435633248 -0.987688332187469
-1.878694861864711 2.585801645209881 0.00000004775197592898905 -1.782013052556931
0.4539905488841942 -0.891006453346162 -3.136473993311133 1.598113269687899
0.7071068173878492 2.489119868444652 -1.59811326604404 2.035129300575774
-1.69479510094015 -0.5506722801611551 -1.878694871320769 -2.585801662543878
0.00000002139893445773922 3.196226628175229 -1.047440903952669 -1.44167886365886
0.891006574552909 -0.4539904301172344 -3.476808159643916 -0.5506723584394331
-0.4539904653421574 0.891006570021756 -1.598113330929125 3.136473941054402
-3.196226606450567 0.00000001492638529443369 -0.5506723445188317 -1.694795120670898
-1.598113296619706 3.136473966577368 0.1564344955832839 0.987688335757586
-1.598113271434418 -2.035129270027127 -2.585801714767029 0.0966817961260717
-1.598113294928253 2.03512934094064 -0.7071067324001032 -2.48911984104036
0.987688392663627 0.1564345343926714 -3.13647396289854 1.598113264871017
0.7071068335016206 -0.7071067073399771 -3.476808181030667 0.5506722751497365
-0.987688327810552 3.039792154471029 -0.5506722462094062 -1.694795136241586
1.441678885487719 2.148785672180973 -2.585801577138048 -0.0966818581186884
0.1564344997075011 0.987688384724569 -2.489119776333804 -2.489119863103357
-3.039792129033364 -0.987688304969098 -1.047441073824035 1.441678838441723
-3.039792138653287 0.987688355084856 -0.00000004665092590006026 1.782013052382528
-1.441678815032152 1.047441024507212 -0.987688376707485 3.03979213382
-3.476808162630548 -0.5506722937807957 -0.7071068373863858 -0.7071067794184107
0.4539905461473653 0.891006584261085 -2.489119833527492 2.48911979563109
-2.429367170731477 0.891006541739231 -0.891006513120012 -2.429367188750604
-3.196226598272887 0.00000002634741495176658 -0.5506723851466133 1.694795122892466
-0.5506722939641589 3.476808189120979 -0.7071067240851163 0.7071067623247691
-1.047440949332278 -1.441678776070849 -3.039792180496214 -0.987688369645525
-0.987688319632872 3.039792165892054 -0.550672286837187 1.694795107321776
-2.03512929942911 -1.598113251014326 -2.429367235248158 -0.891006543012198
0.00000003982996421569851 1.782013097056426 -1.878694857866836 2.585801617447535
-2.585801629463733 -0.0966817857589341 -1.441678856024164 -2.148785632237028
-0.5506722939641593 3.476808189120976 -0.891006453169974 -0.4539905208055501
-0.1564344161654641 -0.987688268048979 -3.476808186952798 -0.5506723541141229
-2.429367161666452 0.891006554399538 -0.707106829071398 2.489119823946726
-3.476808157028055 -0.5506722859562975 -0.891006594305165 0.4539904993034547
-0.891006481534996 -0.4539904359123796 -2.489119882628312 2.4891198034079
-3.136473957655366 1.598113314130118 -0.1564344669800306 -0.987688340287911
0.891006570124623 2.429367233126722 -2.429367126355355 0.89100648473462
0.891006579744545 0.4539905730727771 -3.476808153528465 0.5506722707938128
-1.047440962825582 1.441678874512808 -1.878694819075078 -2.585801670818785
1.047441041939339 1.441678905406744 -3.039792110922974 0.987688296775353
-0.89100649101087 0.4539905467928235 -2.489119803642695 -2.489119858778052
-0.891006500630798 2.429367206846778 -1.441678776469581 -2.148785644837238
0.707106822990339 2.489119876269143 -2.429367106526147 -0.891006563399775
0.4539905461473638 0.891006584261076 -3.136473917090815 -1.598113347066322
-1.598113280260737 2.035129361425442 -0.891006534355126 2.429367167248507
-2.148785586390673 -1.441678779652449 -2.429367255010751 0.891006505111647
-2.489119817849343 2.489119843167366 -0.1564344618410864 0.987688336338371
-3.039792123979281 -0.987688297910523 -1.694795182496713 -0.5506723257984936
-0.0966817820442683 2.585801684150129 -2.035129257131536 -1.598113338247523
0.7071068347921936 0.7071068513221994 -3.476808137744205 -0.5506723619080102
-1.598113287554681 3.13647397923766 -0.7071067303296017 -0.7071067963745419
-0.4539904479378163 -0.891006447100689 -3.476808202629287 0.5506722785706221
0.00000003606645421205812 3.196226648660025 -1.694795060386163 0.5506722850629215
-0.891006481534997 -0.4539904359123899 -3.136473966191639 -1.598113339289512
-0.707106747093921 2.489119869447308 -1.441678823908049 2.148785597560208
-0.7071067315285569 -0.7071067071032341 -3.136474007085248 1.598113271869504
-2.489119817849344 2.489119843167361 -0.4539904740222838 -0.89100653201165
-2.489119802283981 -0.7071067333831824 -2.148785657199484 -1.441678857702358
-2.585801618555718 0.0966818615350239 -1.44167890342146 2.148785610153901
-3.476808156144322 0.5506723432769468 -0.707106830907421 0.707106779243769
-2.489119796681487 -0.7071067255586785 -2.035129401937069 1.598113289369528
-3.136473948590341 1.598113326790422 -0.4539905241974688 0.891006520929074
-0.7071067352920675 0.7071068445003713 -2.489119855126112 2.489119799051976
-3.039792130475611 0.987688366505867 -1.047440997240207 -1.44167884888356
-1.694795085388903 0.550672369556893 -1.878694909878043 2.585801625685303
-3.476808156144323 0.5506723432769456 -0.891006559992275 -0.4539905038865546
-1.598113281952189 3.136473987062159 -0.891006487248387 0.4539904823473222
-1.441678794572112 -1.047440917208367 -3.196226654993205 -0.00000003130265172068825
-0.0966817729792417 2.585801696810428 -2.148785585264118 1.441678806099782
-2.03512930592945 1.598113338196511 -1.598113277983843 -2.035129349453622
0.156434519429096 0.987688412267955 -3.136473957876652 1.598113264075623
-1.78201301352111 0.00000005365402921952978 -2.585801650596379 -1.878694891477783
-0.5506722765598161 1.69479517199853 -2.58580159578528 -1.87869490015901
0.5506723695636069 1.694795188240433 -3.196226566306992 -0.00000004534917796839011
-1.878694838132169 2.585801678354979 -1.047440980115936 1.441678823599807
-2.429367144262109 -0.89100646272291 -2.585801700771563 -0.096681838537057
-0.7071067352920705 0.7071068445003626 -3.136473938689436 -1.598113343645437
0.0966818632462062 2.585801701035777 -2.585801590646344 0.0966817764672701
0.00000004889498652244544 1.782013109716723 -3.039792095960922 -0.987688383034617
-1.782013004456086 0.00000006631433224768557 -2.585801695632618 1.878694838089227
-3.136473942987847 1.598113334614914 -0.987688352498385 -0.1564344746964487
-0.5506722674947916 1.694795184658837 -2.585801640821527 1.878694829407995
-2.489119800444996 0.7071068260449148 -2.035129333541252 -1.598113326145409
-3.196226583605374 0.00000004683220300449875 -1.782013097063137 -0.00000001364812307613761
-2.148785588243776 1.441678887188044 -1.598113331829372 2.035129310995145
-1.694795074632425 -0.5506722434195332 -3.039792195078867 0.987688310104347
-2.489119807192766 2.489119858050438 -0.987688327432545 0.1564344508200217
-0.987688304965358 3.03979218637684 -1.782012998753718 -0.00000002921880687400957
-0.987688289399994 -0.1564343901736982 -3.476808181930918 -0.5506723549095193
-0.891006471289272 0.4539905743362004 -3.136473985185539 1.598113268400928
-2.585801621292547 1.878694899142258 -1.441678827201152 -1.047441006600315
-1.441678805083397 2.148785666400749 -2.148785580488676 -1.441678869852165
-0.1564344079942799 0.987688416852213 -3.476808158129789 0.5506722715225876
-0.7071067380289015 2.489119882107607 -2.489119778905796 -0.7071068177022425
-0.4539904456205591 0.891006597565127 -3.47680815151833 -0.5506723597264039
-1.441678799480905 2.148785674225255 -2.035129325226268 1.598113277219722
-2.585801609490695 0.0966818741953175 -2.489119858419207 -0.7071068051085496
-1.878694833078086 2.585801685413552 -1.694795088788612 -0.550672340640407
-0.987688285869559 0.1564345436176817 -3.476808188475769 0.5506722763289194
-2.585801616238463 1.87869490620084 -1.4416788523105 1.047440971856884
-2.585801606618542 -0.0966817538531095 -2.489119879483611 0.7071067579160717
-2.489119791379972 0.7071068387052155 -2.148785661673829 1.4416788182019
-3.039792115808092 0.987688386990665 -1.694795153673703 0.5506722998382218
-0.891006477785606 2.429367238752592 -2.489119799929038 0.7071067453158637
-1.694795076323881 0.5506723822171851 -3.03979214797213 -0.987688374796846
-1.047440936517856 1.44167891125443 -3.039792142833179 0.987688301829436
-2.148785582641281 1.44167889501253 -2.429367172311482 -0.8910065529804
-1.598113260539136 2.03512938896881 -2.585801625859477 -0.0966818504019726
-1.441678788724426 1.047441061248829 -3.19622661042709 -0.00000003836123770722955
-2.03512928620785 1.598113365739885 -2.429367188611541 0.891006494595034
-2.429367138821262 0.891006586305351 -2.585801665179029 0.0966817882720911