4OFF
# Vertices for 2{4}6 , 4D real representation
12

# Vertices.  Each line is the XYZW coordinates of one vertex.
-0.5000000145369293 -0.866023694013974 -0.5000023795383052 -0.866025731329905
0.4999999854630714 -0.866023689018165 -1.000001492297021 0.0000001847029235946263
-1. -0.000000004995809155250441 0.499999112758715 -0.866025916032828
-0.4999999768101495 -0.866027118547328 0.4999994326670249 0.866024029957088
0.5000000231898501 -0.866027113551518 0.999998507698954 -0.000001907857256649992
-1. -0.000000004995809432806197 -0.4999990750319291 0.866025937814345
0.999999999999999 0.000000004995809321783895 0.4999990750319284 -0.866025937814344
-0.5000000231898499 0.866027113551517 -0.999998507698953 0.000001907857256705503
0.499999976810149 0.866027118547327 -0.4999994326670248 -0.866024029957087
-0.499999985463071 0.866023689018164 1.00000149229702 -0.0000001847029239138154
1.000000000000001 0.00000000499580909973929 -0.4999991127587156 0.866025916032829
0.5000000145369293 0.866023694013973 0.5000023795383049 0.866025731329905