4OFF
# Vertices for 2{8}3 , 4D real representation
48

# Vertices.  Each line is the XYZW coordinates of one vertex.
-3.146264224314016 -0.0000000000000001110223024625157 0.86602619185808 -0.4999995513836638
-0.866025354571245 0.5000000852394388 1.573132641497648 -2.724744607815802
-2.280238268974826 0.4999988465407896 2.280239815022527 0.500000461712732
-0.7071064165852574 2.224744631314278 1.573133537565337 -1.724744096849082
-2.280239160998398 -0.4999994658901126 0.7071070635786587 -2.224744701974239
-0.866024659400312 -0.5000016023292577 3.146264320197066 -0.00000006347811742912768
-1.573132062412107 2.724745335903046 0.000001847228938478551 -0.999998927123706
-1.573131367241175 1.724743648334348 1.573133525928355 1.724745617213977
0.7071075025015944 2.224743733573787 2.280239975567921 -0.4999994392181599
0.86602624659481 0.4999982271914687 3.146264419685775 -0.000000006038293753896085
-1.573131771156487 2.72474471655372 0.000001869323435377268 1.000001072876176
-0.7071064978183337 -2.224745870012928 2.280237945699099 -0.5000006111634448
-3.146264515569631 0.0000006193493243822346 -0.866024604663244 0.5000004677510244
0.866025354571232 -0.5000000852394377 1.573131668241902 -2.724745169725262
-1.573132663180062 1.724746404122818 -1.573130882120437 -1.724744090810793
-1.573132857072837 -1.724743648334346 -0.7071073340702752 -2.224745168597647
0.7071067078408615 -2.224745250663606 1.573130794268715 -1.724745680692094
-1.573132161901905 -2.724745335903048 0.866024344629146 0.499999375740035
-0.0000006951709300741237 1.000001687568703 -1.573131678699417 -2.724744544337683
-2.280239564913705 0.5000016023292569 -2.280238128338987 -0.4999994879055447
0.000000892023569287748 0.999998312430909 1.573132751443872 2.724745163686967
1.573132744413142 2.724744097204399 0.86602647398668 0.5000006051251521
-2.280238869742775 -0.5000000852394384 -0.7071064496395683 2.224745056432137
-1.573131852389571 -1.724745784773488 0.7071062774571923 2.224744558561821
2.280238869742771 0.500000085239445 0.70710644963957 -2.224745056432135
1.573131852389568 1.724745784773492 -0.7071062774571923 -2.224744558561816
-1.573132744413142 -2.724744097204396 -0.866026473986685 -0.5000006051251558
-0.000000892023571841261 -0.999998312430902 -1.573132751443872 -2.724745163686972
0.0000006951709304627018 -1.000001687568695 1.573131678699414 2.724744544337685
2.280239564913706 -0.5000016023292532 2.280238128338984 0.4999994879055469
-0.7071067078408671 2.224745250663608 -1.573130794268709 1.724745680692096
1.573132161901907 2.724745335903048 -0.866024344629142 -0.4999993757400399
1.573132857072838 1.724743648334351 0.7071073340702757 2.224745168597639
1.573132663180061 -1.724746404122806 1.573130882120438 1.724744090810796
3.146264515569626 -0.0000006193493201633871 0.866024604663244 -0.5000004677510269
-0.866025354571231 0.5000000852394431 -1.5731316682419 2.724745169725256
0.707106497818335 2.224745870012931 -2.280237945699094 0.5000006111634442
1.573131771156491 -2.724744716553716 -0.000001869323436265447 -1.000001072876177
-0.866026246594805 -0.4999982271914644 -3.146264419685775 0.000000006038290312204708
1.573131367241174 -1.724743648334341 -1.573133525928355 -1.724745617213977
-0.7071075025015955 -2.224743733573785 -2.280239975567924 0.4999994392181573
1.573132062412109 -2.724745335903039 -0.000001847228937701395 0.999998927123713
0.866024659400309 0.5000016023292613 -3.146264320197064 0.00000006347811964957373
2.280239160998392 0.4999994658901213 -0.707107063578656 2.224744701974233
0.7071064165852522 -2.224744631314275 -1.573133537565339 1.724744096849083
2.280238268974821 -0.4999988465407846 -2.280239815022527 -0.5000004617127306
0.866025354571235 -0.500000085239434 -1.573132641497647 2.724744607815802
3.146264224314008 0.000000000000006772360450213455 -0.866026191858078 0.4999995513836665