4OFF
# Vertices for 6{4}2 , 4D real representation
36

# Vertices.  Each line is the XYZW coordinates of one vertex.
3.97162 -6.87904 7.32431 3.07399
-3.97162 -6.87904 7.32431 3.07399
7.94323 0 7.32431 3.07399
3.97162 -6.87904 6.32431 -4.80604
3.97162 -6.87904 1. 7.88003
3.97162 6.87904 7.32431 3.07399
-7.94323 0 7.32431 3.07399
7.94323 0 1. 7.88003
-3.97162 -6.87904 1. 7.88003
7.94323 0 6.32431 -4.80604
-3.97162 -6.87904 6.32431 -4.80604
-3.97162 6.87904 7.32431 3.07399
3.97162 6.87904 1. 7.88003
-7.94323 0 1. 7.88003
3.97162 6.87904 6.32431 -4.80604
-7.94323 0 6.32431 -4.80604
-3.97162 6.87904 1. 7.88003
-3.97162 6.87904 6.32431 -4.80604
3.97162 -6.87904 -6.32431 4.80604
3.97162 -6.87904 -1. -7.88003
7.94323 0 -6.32431 4.80604
7.94323 0 -1. -7.88003
-3.97162 -6.87904 -6.32431 4.80604
-3.97162 -6.87904 -1. -7.88003
3.97162 -6.87904 -7.32431 -3.07399
3.97162 6.87904 -6.32431 4.80604
-7.94323 0 -6.32431 4.80604
3.97162 6.87904 -1. -7.88003
-7.94323 0 -1. -7.88003
7.94323 0 -7.32431 -3.07399
-3.97162 -6.87904 -7.32431 -3.07399
-3.97162 6.87904 -6.32431 4.80604
-3.97162 6.87904 -1. -7.88003
3.97162 6.87904 -7.32431 -3.07399
-7.94323 0 -7.32431 -3.07399
-3.97162 6.87904 -7.32431 -3.07399