4OFF
# Vertices for 3{4}5 , 4D real representation
360

# Vertices.  Each line is the XYZW coordinates of one vertex.
1.978149859322397 -2.19695232247174 0.3090272583420746 -0.951055781051113
2.391697467774559 -1.737660546084584 0.4999990261600579 -0.86602617817311
1.478147609801675 -2.560226740220006 0.1045495164572373 -0.994519682625212
2.700716420247214 -1.20242466561312 0.6691184372733191 -0.7431470756542785
1.978155653748577 -2.196944207976147 0.6691436541586865 0.7431449689677913
2.391682297769881 -1.737681790109863 -0.999999550536041 0.000001690447886948387
0.913543216793438 -2.811606964089724 -0.1044975409810225 -0.994518301833683
2.891701105679847 -0.6146370573806625 0.808994161891249 -0.5877888799140384
1.978137312349341 -2.196969893212053 -0.978135432138857 0.2079145411606833
2.391699427804189 -1.737657801265466 0.5000018722489193 0.86602462939014
1.478156985380177 -2.560213610690333 0.809040647474221 0.5877863073963459
2.700699290212907 -1.20244865445752 -0.97815889004457 -0.2079112341455941
1.413565136219085 -1.945550858429059 1.891706163574478 -0.6146499587948785
2.08266530149923 -1.202448656565958 -0.809024273712508 -1.817081041951113
1.787150192128075 -1.609190400778274 -1.169128229694895 -1.609167780428904
1.787185663561622 -1.609140726697972 1.978152279387603 -0.2079144136795423
1.478155650681268 -1.330918805996995 0.978148143070076 -2.196956652424318
0.978165029385686 -2.196931081857992 1.72258341099985 -0.994522351293144
2.287157943457966 -0.7431541360728843 -0.4135620748397068 -1.945579142617825
1.478138234223171 -2.560239869749688 -0.913522101742653 0.4067405287400977
2.70071446021759 -1.202427410432245 0.3090076092466953 0.951054857860906
1.16913333344871 -1.609166414042318 0.5000078094221248 -2.352314649292166
1.722575473001286 -0.994503659672613 1.413538709190325 -1.94558110767787
0.913555763766495 -2.811589393349415 0.913578682287383 0.4067385636800483
2.891682764280613 -0.6146627426165693 -0.913567992331034 -0.4067374401381207
1.413528043662842 -1.945602802724324 -1.478135671939935 -1.330926165258238
2.082697601538222 -1.202403423696285 1.978143648363712 0.207907988997638
0.5000144170115568 -2.352294874964779 1.478175497492239 -1.330929344792184
2.391690808286119 -0.2513802137842339 -0.00002522880540012373 -1.989046098827609
0.809014279420275 -1.817085728156831 0.00001473519875461182 -2.404865208327918
1.891710481316955 -0.6146239312625125 1.787150850807674 -1.609174332591941
0.3090126015446132 -2.940106472041637 -0.3089775544435768 -0.951051699023739
2.956304576872856 0.00001313961515793729 0.913512959649841 -0.4067414895975788
0.913537422367257 -2.811615078585324 -0.8089834719349 0.587790003455969
2.891695311253671 -0.6146451718762616 0.1045082309373718 0.994519425375613
0.3090277715492938 -2.940085228016365 0.97818894484769 0.2079143929827602
0.978127936829442 -2.196983026153256 -1.722541492439302 -0.994516690173475
2.956285825715856 -0.00001311944419535305 -0.809049789567033 -0.5877872682538312
2.287185660435709 -0.7431153213072975 1.891680647719954 0.6146438149024038
0.4135374192999514 -1.945589676606173 -0.4999789830235074 -2.352311617936144
0.00001077527864759564 -2.404852094472459 1.169164221671217 -1.609168339416238
2.391695308186361 0.2513802301028856 0.4135127198487637 -1.945582196016498
1.978168664165057 -0.2078821877634009 2.082655924543487 -1.202438917496591
0.309010641514985 -2.940109216860762 -0.6690883824702011 0.7431502344914451
2.956295201294359 0.00000001008547896585998 -0.1045586585500478 0.994518721767731
-0.3090233471986891 -2.940109218969199 -0.4999537661381424 -0.866019573314075
2.891703352133263 0.6146627623467453 0.978106857550211 -0.2079175444234953
0.4999789455780109 -2.352344549045082 -1.891663984047931 -0.6146420635075821
2.391712730837677 -0.2513495135142485 1.722542125479985 0.994516756707681
1.787157946583882 -1.609179541463563 -0.809008987789422 1.817083777153254
-0.3090062171643808 -2.940085230124803 1.000047656646816 0.000003365628176710267
2.89168501073403 0.614637077110843 -0.6691722287473315 -0.7431479722306047
1.413543213667525 -1.945581558699056 -0.413528145106341 1.945580574782231
2.082665301499235 -1.202448656565963 -1.169132255650275 1.609171699127323
-0.00001301041648077428 -1.989062020212746 -0.978121220522298 -2.196950722197072
1.978171384082741 0.2079450048703869 2.287138940684839 -0.7431511517645472
0.809040785033088 -1.817048609782759 2.082696726321098 1.202432127910485
1.891667594334537 -0.6146839900533712 -2.287176915660619 -0.7431422337656539
1.722536420415423 -0.994558348786997 -2.391697022275458 -0.2513735130430229
1.169151674847948 -1.609140728806414 1.787178913781899 1.609168519593369
-0.4999933373856446 -2.352305737691027 0.809054859090779 -1.817078955961408
2.28717124649146 0.7431541516783318 0.808978178391356 -1.817087015300283
0.978149859381002 -2.196952325883275 0.00002586184608499575 1.989046165361819
2.287150189002166 -0.7431649953876058 -1.478158833820215 1.33093109618701
0.4135709307038706 -1.945542747344995 2.287190698032367 0.7431436823284006
1.978123817153012 -0.2079449913733786 -2.082696202738902 -1.202432072880647
1.478122139277349 -1.330965735258183 -2.391688492381233 0.2513814364235328
1.478165026259773 -1.330905676467322 1.413552806874533 1.945576525322766
0.30904078196578 -0.951023207803613 2.39170121523249 -1.737669493481624
0.978140947245924 -0.2079210059405091 -0.3090292220544972 -2.940100576637859
0.5000277200450506 -0.865986587213563 2.700715750723305 -1.202437217474642
0.913532441514791 -0.4067548696172646 -0.913553780714475 -2.811602703495874
0.00002604216938711934 -1.989007331098365 2.391723461080978 0.2513762918295336
1.978126537070694 0.2078822012604082 -1.787191671872312 -1.609169860501511
0.5000066625557491 -2.352305734279504 0.4135787385117391 1.945580894012651
1.169106827835897 -1.609203532416398 -2.287151698775256 0.743149810856416
2.391675638281442 -0.2514014578095104 -1.722582777959172 0.994522417827352
1.72257547300129 -0.994503659672616 0.978147659327822 2.196953500983586
0.1045472787724018 -0.994495550696984 1.978157859980269 -2.196957274360114
0.999999999941396 0.000000003411526755536798 0.3090013964959907 -2.940101946412927
-0.3090213871690632 -2.940106474150078 -0.4999509200492803 0.866031234249173
2.891690805160208 0.6146451916064369 -0.3090558329307214 0.951052777788301
0.808998184474453 -0.5878115936653275 -1.478151655439824 -2.56022430064448
0.669161047359143 -0.7431021972975882 2.891696048435509 -0.6146526651300858
-0.00002152476034400497 -2.40489732734213 -1.978111682342769 -0.2079046292865582
2.391710478191044 0.2514014741281609 1.478120246682356 1.330924544023962
-0.1045154421768339 -0.994503665905785 1.47815951399235 -2.56022748017843
0.97815425410704 0.2079210126144637 0.913527171266398 -2.811606752955334
-0.913535151411632 -2.811589399582587 0.978199487089407 -0.2079078088205083
2.700703684938945 1.202424684040214 -0.5000486304867593 -0.866029543801286
-0.4135628715152821 -1.945602808957496 -1.413514867137907 -1.945572537758792
-0.4135199845328589 -1.945542750166636 2.391726432117855 -0.2513774488595593
0.6691068247685897 -0.7431781304372472 -1.978147209863857 -2.196951810535696
0.809048825912682 -0.5877406755597528 2.956295352933936 -0.000004841888620044088
1.891675635214131 0.6146239441696385 -1.413578289047778 -1.945579203564763
1.891718522196554 0.6146840029604943 2.39166301020798 -0.251384114665527
-0.913553492810868 -2.811615084818493 -0.6690795992081346 -0.7431382366276167
2.700720814973251 1.202448672884608 0.999952792298198 -0.000006604859031103527
0.808995938021039 -1.817111413392742 -2.08265540096129 1.202438972526434
1.891701105738456 -0.6146370607921929 0.4999927653952593 2.352313066498892
0.0000107752786451254 -2.404852094472465 0.809056239733458 1.817084401662195
2.391673385634807 0.2513495298328992 -1.891721588832062 0.6146483375606067
-0.978145341971961 -2.196952332557226 0.4135859168921263 -1.945574502818841
2.082686826259576 1.202448670776169 1.169087408630256 -1.60917641266455
-0.3090103367822046 -0.95104719875645 0.91355850424666 -2.811603459778461
0.913558473663337 0.4067548758504352 1.478127425062742 -2.560230852807525
0.4999722860895677 -0.86606421674473 -2.391688239013387 -1.737661984162083
0.913577288526843 -0.4066920660072842 2.891690364630147 0.6146431929666099
-0.808993203621984 -1.817048615302728 2.287199481294436 -0.7431447887906608
1.722549430831905 0.994503671425752 -0.978184751890653 -2.196957399507412
0.4135280437214462 -1.945602806135856 -1.787137068435925 1.609175781154695
1.978150322765826 -0.2079078729993067 -0.00001421161655468239 2.404865263357759
-0.4999999968740849 -0.866025405390672 0.3090306041253208 -2.940098876615909
0.809035804180619 0.5878115991852946 1.978126417541522 -2.196960579041356
-0.5000210543633854 -2.352344552456614 -1.978106408086252 0.2079192348713839
-0.913547698384688 -2.811606970322896 -0.3089632033915214 0.951062513391288
-0.4999855829298385 -2.35229487837631 1.16917410099625 1.609172601620744
2.287143529513725 0.7431153369127501 -1.978183088785675 0.207911175532507
2.700705644968573 1.202427428859336 -0.5000457843978974 0.866021263761964
2.287179000947269 0.7431650109930529 1.169097420296825 1.609164542281864
0.3089865593752279 -0.951099140943271 -2.700701015524553 -1.202427990853273
0.97817803980217 -0.2078690616452489 2.700704631522146 1.202428370903929
-1.478138215914181 -2.560213620775813 0.913599306024272 -0.4067324143713833
-0.809038050634031 -1.817111418912706 -1.78713113126272 -1.609163497527617
1.722588483417774 0.994558360540129 2.39165992971262 0.2513696145191987
2.391688648697925 1.737660562403239 -0.3090705075743669 -0.951061468637036
-1.413547701451996 -1.945581568343748 0.00004128551986945506 -1.989039108000825
1.78717899787996 1.609190412972195 1.478101909208219 -1.330937079110242
-1.169109537732735 -1.609140736783456 2.082710937937657 -1.202433135447271
1.478139550613091 1.330918816082482 -0.5000398472246921 -2.352318014920348
-0.00001301041648251247 -1.989062020212751 -1.413512270384803 1.945583886464389
1.978144878469933 0.207907886496311 -0.5000205675125311 2.352313308384034
-0.6691372578363895 -0.7431541461583668 -0.3090034162896589 -2.940097864385555
0.6691543878707009 0.7431781350027611 2.391671793470051 -1.737672585784585
-1.478156967071186 -2.560239879835167 -0.808963443192602 -0.5877781930276317
2.391703818702603 1.737681806428509 0.978095991716894 0.2079046233694643
-0.978130171967277 -2.196931088531952 1.478193443725719 1.330932237221622
1.000027716919139 0.00003881817710749136 2.391685146597984 1.737661659141265
0.1044966373341731 -0.994566468802561 -2.891680198255999 -0.6146421244545173
2.08265452622059 1.202403437906501 -1.978188495383732 -0.2079127025348734
-0.978167264523522 -2.196983032827216 -1.891648391788697 0.6146560307582649
2.082686826259578 1.202448670776166 0.808979426692497 1.817076328413878
-1.478130175034585 -1.330905686552805 1.78719793263711 -1.60916938417049
-0.809030009754436 -0.5878034846896972 -0.913532504649878 -2.811600467326723
0.5000277138518308 0.866064220156257 2.700689635509375 -1.202439962250847
1.169127879131976 1.609166422019362 -0.00004080177761123238 -2.404871045407079
-1.478147591492684 -2.560226750305493 -0.1044723121756156 0.994527796993927
2.391686688668297 1.737657817584114 -0.6691813356009924 0.7431404648781474
-0.4135534959367794 -1.94558967942782 -0.978110203333452 2.196960639988294
1.891685010792636 0.6146370736993124 -0.978173625243322 2.196953974182329
-1.169154384744785 -1.609203540393437 -2.082641189344735 -1.202426290831322
1.478173062017011 1.330965745343658 2.287129833831178 0.7431372853441969
0.978171384141352 0.2079450014588576 1.97813754418885 2.196950794648374
-0.1045602891888811 -0.994566469515765 -2.956279080502569 0.000006552163044459824
-1.978139547487175 -2.196944221473155 0.809070451350013 -0.587780861695564
1.97814534191336 2.196952335968752 -0.104584520396134 -0.994527443594087
0.809003978900634 -0.5878034791697354 -1.478143241560979 2.560229190452857
0.6691239548028994 -0.7431541415928564 -0.913536836941405 2.811605737068019
0.913526647088616 -0.4067629841128629 -1.978147693606119 2.196958342872209
0.5000000030673093 -0.86602540197915 -0.3090044889113892 2.940101621392115
-1.413525778900435 -1.945550868073763 1.722608639805255 0.994523747534466
1.787143526446414 1.609140738891894 -1.891737572331951 -0.6146497978256407
0.3090236519314725 -0.951047196648011 0.3090328380520986 2.940100956688515
0.978123817211619 -0.2079449947849063 -2.391697599234893 1.737669873532283
-1.787171243424151 -1.60917955365748 -0.4135051502277155 -1.945573159694589
1.413562871456681 1.945602812369021 1.722516263633895 -0.994529408654135
0.1045414843462236 -0.994503665192583 0.913563947088628 2.811603772007967
0.999972282963657 -0.00003881135405814362 -2.700718843138707 1.202436892453829
-0.1045096477506533 -0.994495551410189 1.478167927871195 2.560226010918904
0.978117161550797 0.2078690683192011 -2.891705714110522 0.6146516492427672
-0.3089932067478947 -0.951023209912053 1.978168877169115 2.196954087825246
0.913513626651287 0.406692072240454 -2.956311169432173 0.000003179533950348201
-0.913564268089511 -0.4067629903460316 -1.478135838941587 -2.560222638289806
0.3090474293384523 0.951099143051709 2.891674381130255 -0.6146549424196381
-0.4999722798963431 -0.86598659062509 2.391714354227317 1.737664728938283
0.808985162742392 0.5877406810797182 -2.891711640694742 -0.6146454291357582
-1.722549430831903 -0.994503671425752 1.413575801753158 -1.94557720915405
0.809019709234798 1.8170857336768 0.499960026902941 -2.352319671357922
-1.978157888886409 -2.196969906709058 -0.913491702872269 -0.406729421919644
-0.6691001652801445 -0.7431022018631062 2.70073043728699 1.202431083156233
0.669100165280148 0.7431022018631051 -2.700730437286989 -1.202431083156235
1.978157888886414 2.196969906709057 0.91349170287227 0.4067294219196437
-0.809019709234796 -1.817085733676805 -0.4999600269029399 2.352319671357926
1.722549430831908 0.994503671425749 -1.413575801753157 1.945577209154053
-0.808985162742389 -0.5877406810797195 2.891711640694748 0.6146454291357587
0.4999722798963487 0.86598659062509 -2.391714354227314 -1.737664728938285
-0.3090474293384479 -0.951099143051713 -2.89167438113026 0.6146549424196412
0.913564268089518 0.4067629903460303 1.478135838941586 2.560222638289804
-0.913513626651284 -0.4066920722404573 2.956311169432175 -0.000003179533948571844
0.3089932067478992 0.951023209912054 -1.978168877169113 -2.196954087825249
-0.978117161550793 -0.2078690683192034 2.891705714110522 -0.6146516492427644
0.1045096477506566 0.994495551410186 -1.478167927871195 -2.560226010918901
-0.999972282963654 0.00003881135405375824 2.700718843138709 -1.202436892453826
-0.104541484346218 0.994503665192582 -0.913563947088626 -2.811603772007966
-1.413562871456681 -1.945602812369027 -1.7225162636339 0.994529408654139
1.787171243424155 1.609179553657476 0.4135051502277177 1.94557315969459
-0.978123817211612 0.2079449947849055 2.39169759923489 -1.737669873532281
-0.3090236519314665 0.951047196648012 -0.3090328380520952 -2.940100956688516
-1.787143526446412 -1.609140738891899 1.891737572331952 0.6146497978256416
1.413525778900439 1.945550868073761 -1.722608639805254 -0.994523747534466
-0.913526647088609 0.4067629841128611 1.97814769360612 -2.196958342872207
-0.5000000030673078 0.866025401979145 0.3090044889113938 -2.940101621392113
-0.809003978900629 0.5878034791697319 1.47814324156098 -2.560229190452854
-0.669123954802896 0.7431541415928512 0.913536836941408 -2.811605737068015
-1.978145341913353 -2.196952335968751 0.1045845203961334 0.994527443594085
1.978139547487179 2.196944221473153 -0.809070451350012 0.5877808616955635
-0.978171384141345 -0.2079450014588605 -1.978137544188852 -2.196950794648377
0.1045602891888866 0.994566469515762 2.956279080502565 -0.000006552163044570847
-1.478173062017007 -1.330965745343663 -2.287129833831183 -0.7431372853441975
1.169154384744789 1.60920354039343 2.082641189344734 1.202426290831319
-1.891685010792631 -0.6146370736993152 0.978173625243323 -2.196953974182323
0.4135534959367831 1.945589679427817 0.978110203333453 -2.196960639988293
-2.391686688668294 -1.737657817584119 0.6691813356009934 -0.7431404648781468
1.478147591492687 2.560226750305488 0.1044723121756176 -0.994527796993927
-0.5000277138518243 -0.866064220156259 -2.700689635509379 1.202439962250846
-1.169127879131976 -1.609166422019366 0.00004080177761456305 2.404871045407083
0.809030009754443 0.5878034846896984 0.913532504649879 2.811600467326719
1.478130175034591 1.330905686552803 -1.78719793263711 1.609169384170492
-2.082686826259573 -1.20244867077617 -0.808979426692492 -1.817076328413878
0.978167264523524 2.196983032827208 1.891648391788694 -0.6146560307582627
-2.082654526220585 -1.202403437906503 1.978188495383731 0.207912702534872
-1.000027716919133 -0.00003881817711226532 -2.391685146597986 -1.737661659141263
-0.1044966373341714 0.994566468802555 2.891680198256 0.614642124454517
0.978130171967281 2.196931088531948 -1.478193443725718 -1.330932237221619
-2.391703818702601 -1.737681806428513 -0.978095991716896 -0.2079046233694634
1.478156967071192 2.560239879835164 0.808963443192602 0.5877781930276317
-0.6691543878706961 -0.7431781350027654 -2.391671793470054 1.737672585784588
0.6691372578363927 0.7431541461583642 0.3090034162896615 2.940097864385555
-1.978144878469929 -0.2079078864963133 0.5000205675125344 -2.352313308384032
0.00001301041648644335 1.989062020212746 1.413512270384802 -1.945583886464386
-1.478139550613088 -1.330918816082483 0.5000398472246934 2.352318014920346
1.169109537732742 1.609140736783455 -2.082710937937658 1.202433135447273
-1.787178997879951 -1.609190412972196 -1.478101909208218 1.330937079110243
1.413547701452 1.945581568343746 -0.00004128551986656848 1.989039108000825
-2.391688648697918 -1.737660562403238 0.3090705075743672 0.951061468637034
-1.722588483417772 -0.994558360540134 -2.391659929712622 -0.2513696145191973
0.809038050634037 1.817111418912704 1.78713113126272 1.609163497527614
1.478138215914185 2.560213620775812 -0.913599306024269 0.4067324143713823
-0.3089865593752215 0.951099140943267 2.700701015524554 1.202427990853273
-0.978178039802165 0.2078690616452472 -2.700704631522149 -1.202428370903928
-2.700705644968565 -1.202427428859336 0.500045784397898 -0.866021263761964
-2.287179000947263 -0.7431650109930511 -1.169097420296827 -1.609164542281867
-2.287143529513717 -0.7431153369127492 1.978183088785671 -0.2079111755325078
0.500021054363388 2.352344552456606 1.978106408086248 -0.2079192348713833
0.913547698384693 2.811606970322894 0.3089632033915227 -0.951062513391287
0.4999855829298418 2.352294878376307 -1.169174100996247 -1.609172601620744
-0.809035804180614 -0.5878115991852988 -1.978126417541522 2.196960579041359
0.4999999968740889 0.86602540539067 -0.3090306041253164 2.940098876615912
-1.978150322765821 0.2079078729993042 0.00001421161655901226 -2.404865263357757
-0.4135280437214423 1.945602806135851 1.787137068435921 -1.609175781154691
-1.722549430831902 -0.994503671425752 0.978184751890656 2.196957399507408
0.808993203621989 1.817048615302728 -2.287199481294436 0.7431447887906613
-0.4999722860895634 0.866064216744725 2.391688239013387 1.737661984162081
-0.913577288526837 0.4066920660072839 -2.89169036463015 -0.6146431929666063
0.3090103367822113 0.951047198756448 -0.913558504246659 2.811603459778459
-0.913558473663334 -0.4067548758504394 -1.478127425062739 2.560230852807527
-2.08268682625957 -1.202448670776172 -1.169087408630255 1.609176412664552
0.978145341971965 2.196952332557221 -0.4135859168921236 1.945574502818843
-2.391673385634798 -0.2513495298328996 1.891721588832058 -0.6146483375606059
-0.00001077527864284944 2.404852094472459 -0.809056239733454 -1.817084401662191
-1.891701105738451 0.6146370607921904 -0.4999927653952559 -2.352313066498889
-0.808995938021032 1.81711141339274 2.08265540096129 -1.202438972526435
-2.700720814973244 -1.202448672884611 -0.999952792298196 0.000006604859035211352
0.913553492810873 2.811615084818488 0.6690795992081325 0.7431382366276154
-0.669106824768583 0.7431781304372445 1.978147209863859 2.196951810535695
-1.891718522196549 -0.6146840029604956 -2.391663010207981 0.251384114665528
-1.891675635214128 -0.6146239441696382 1.41357828904778 1.945579203564759
-0.809048825912677 0.5877406755597521 -2.956295352933934 0.000004841888623374757
0.4135628715152879 1.945602808957493 1.413514867137909 1.94557253775879
0.4135199845328625 1.945542750166634 -2.391726432117851 0.2513774488595609
-2.700703684938936 -1.202424684040214 0.5000486304867585 0.866029543801286
0.913535151411635 2.811589399582584 -0.978199487089406 0.2079078088205089
-0.978154254107034 -0.2079210126144645 -0.913527171266397 2.811606752955337
0.1045154421768379 0.99450366590578 -1.478159513992348 2.560227480178434
-2.391710478191042 -0.2514014741281606 -1.478120246682354 -1.330924544023963
0.00002152476034689155 2.404897327342125 1.978111682342768 0.2079046292865582
-0.808998184474447 0.5878115936653279 1.478151655439826 2.560224300644481
-0.6691610473591384 0.7431021972975893 -2.891696048435507 0.6146526651300869
-2.891690805160204 -0.6146451916064385 0.3090558329307234 -0.951052777788299
0.3090213871690676 2.940106474150074 0.4999509200492801 -0.866031234249173
-0.1045472787723963 0.994495550696981 -1.978157859980269 2.196957274360118
-0.999999999941392 -0.00000000341152731064831 -0.3090013964959893 2.940101946412929
-2.391675638281432 0.2514014578095067 1.722582777959168 -0.994522417827348
-1.722575473001288 0.994503659672613 -0.978147659327818 -2.196953500983584
-1.169106827835894 1.609203532416392 2.287151698775252 -0.7431498108564153
-0.5000066625557489 2.352305734279495 -0.4135787385117347 -1.945580894012646
-1.978126537070689 -0.2078822012604106 1.787191671872313 1.609169860501506
-0.00002604216938439929 1.989007331098364 -2.391723461080977 -0.2513762918295344
-0.913532441514786 0.4067548696172629 0.913553780714479 2.811602703495874
-0.5000277200450459 0.865986587213561 -2.700715750723304 1.202437217474644
-0.978140947245919 0.2079210059405054 0.3090292220545008 2.940100576637859
-0.3090407819657757 0.951023207803612 -2.391701215232489 1.737669493481628
-1.478122139277344 1.330965735258179 2.391688492381231 -0.2513814364235333
-1.478165026259767 1.330905676467322 -1.413552806874531 -1.945576525322764
-1.978123817153007 0.2079449913733755 2.082696202738901 1.202432072880647
-0.4135709307038668 1.945542747344992 -2.287190698032366 -0.7431436823283997
-2.287150189002159 0.7431649953876018 1.478158833820214 -1.330931096187006
-0.978149859381 2.196952325883268 -0.00002586184608466269 -1.989046165361817
-2.287171246491459 -0.743154151678338 -0.808978178391353 1.817087015300286
0.4999933373856511 2.352305737691025 -0.809054859090777 1.81707895596141
-1.722536420415417 0.994558348786995 2.391697022275455 0.2513735130430209
-1.169151674847943 1.609140728806411 -1.787178913781899 -1.60916851959337
-1.891667594334533 0.6146839900533701 2.287176915660619 0.7431422337656536
-0.809040785033083 1.817048609782758 -2.082696726321096 -1.202432127910484
-1.978171384082737 -0.2079450048703878 -2.287138940684838 0.743151151764553
0.00001301041648693602 1.989062020212745 0.9781212205223 2.196950722197072
-2.082665301499227 1.202448656565958 1.169132255650275 -1.609171699127319
-1.41354321366752 1.945581558699049 0.4135281451063408 -1.945580574782226
-2.891685010734022 -0.6146370771108427 0.6691722287473318 0.7431479722306044
0.3090062171643846 2.940085230124801 -1.000047656646815 -0.000003365628175600044
-1.787157946583877 1.609179541463557 0.809008987789422 -1.817083777153249
-2.39171273083768 0.2513495135142461 -1.722542125479983 -0.994516756707681
-0.4999789455780074 2.352344549045077 1.891663984047932 0.6146420635075794
-2.89170335213326 -0.6146627623467501 -0.978106857550206 0.2079175444234969
0.3090233471986941 2.940109218969196 0.4999537661381443 0.866019573314075
-2.956295201294353 -0.00000001008548318470748 0.1045586585500498 -0.99451872176773
-0.309010641514982 2.940109216860755 0.6690883824702026 -0.7431502344914446
-1.978168664165054 0.2078821877633956 -2.082655924543484 1.202438917496596
-2.391695308186359 -0.2513802301028853 -0.4135127198487613 1.945582196016499
-0.4135374192999429 1.945589676606173 0.4999789830235068 2.352311617936144
-0.00001077527864176697 2.40485209447246 -1.169164221671219 1.609168339416241
-0.978127936829438 2.196983026153252 1.722541492439304 0.994516690173473
-2.287185660435703 0.7431153213073012 -1.891680647719954 -0.6146438149024037
-2.956285825715853 0.00001311944419429834 0.809049789567037 0.5877872682538296
-0.3090277715492903 2.940085228016361 -0.978188944847686 -0.2079143929827598
-2.891695311253666 0.614645171876259 -0.104508230937369 -0.994519425375612
-0.913537422367253 2.811615078585322 0.808983471934901 -0.5877900034559693
-2.956304576872859 -0.00001313961515893303 -0.913512959649837 0.40674148959758
-0.3090126015446084 2.940106472041632 0.3089775544435788 0.951051699023737
-1.891710481316954 0.6146239312625093 -1.787150850807671 1.609174332591948
-0.809014279420269 1.817085728156834 -0.00001473519875261342 2.404865208327918
-2.391690808286117 0.2513802137842308 0.00002522880540456462 1.989046098827611
-0.5000144170115499 2.352294874964779 -1.478175497492241 1.330929344792185
-1.413528043662835 1.945602802724321 1.478135671939935 1.330926165258235
-2.08269760153822 1.202403423696288 -1.978143648363709 -0.2079079889976394
-2.891682764280607 0.6146627426165683 0.913567992331032 0.4067374401381191
-0.91355576376649 2.811589393349415 -0.91357868228738 -0.4067385636800497
-1.722575473001288 0.994503659672611 -1.413538709190321 1.945581107677876
-1.169133333448706 1.60916641404232 -0.5000078094221213 2.352314649292172
-2.700714460217583 1.202427410432241 -0.309007609246693 -0.951054857860903
-1.478138234223166 2.560239869749686 0.913522101742651 -0.4067405287400979
-0.978165029385679 2.196931081857993 -1.72258341099985 0.994522351293143
-2.287157943457964 0.7431541360728842 0.4135620748397118 1.945579142617826
-1.478155650681265 1.330918805996998 -0.978148143070074 2.19695665242432
-1.787185663561616 1.609140726697968 -1.978152279387601 0.2079144136795419
-1.78715019212807 1.609190400778274 1.169128229694895 1.609167780428901
-2.082665301499228 1.202448656565954 0.809024273712514 1.81708104195111
-1.413565136219082 1.945550858429059 -1.891706163574476 0.614649958794878
-1.478156985380173 2.560213610690327 -0.809040647474219 -0.5877863073963455
-2.700699290212902 1.202448654457519 0.978158890044572 0.2079112341455909
-2.391699427804185 1.737657801265463 -0.5000018722489155 -0.866024629390138
-1.978137312349336 2.196969893212051 0.978135432138858 -0.207914541160685
-2.891701105679844 0.6146370573806619 -0.808994161891247 0.5877888799140397
-0.913543216793433 2.811606964089722 0.1044975409810244 0.994518301833682
-2.391682297769875 1.737681790109862 0.999999550536042 -0.000001690447887892077
-1.978155653748573 2.196944207976146 -0.6691436541586844 -0.743144968967793
-2.700716420247209 1.202424665613119 -0.6691184372733197 0.7431470756542763
-1.47814760980167 2.560226740220008 -0.1045495164572353 0.994519682625212
-2.391697467774557 1.737660546084586 -0.4999990261600545 0.866026178173107
-1.978149859322394 2.196952322471743 -0.3090272583420728 0.951055781051112