4OFF
# Vertices for 4{6}2 , 4D real representation
96

# Vertices.  Each line is the XYZW coordinates of one vertex.
0.9238788242826 0.382683642688737 2.23044274135283 0.923879564636718
1.306562450209598 1.306563122346284 1.847759317598804 0.00000005588086748886667
1.847758567853011 0.0000001647175205121698 1.306563496509914 1.30656313634655
2.230442193780009 0.923879644375066 0.923880072755886 0.3826836275906996
0.3826827416336664 -0.923879329435238 2.23044269471087 0.923879545316986
-0.3826841478413119 0.923879725337664 2.230442348803872 0.92387940203763
0.3826829228231753 0.923879677608758 2.230442505998619 -0.923879577684136
0.923879040466587 -0.3826832800200047 2.230442750591803 -0.923879476370333
0.923879040466588 -0.3826832800200031 0.92387986891918 2.230442587992732
1.306562485204076 -1.306562807406455 1.847759515550027 0.0000001378749378000421
0.382682922823177 0.923879677608758 0.923879624325995 2.23044248667893
-0.0000005219143144330474 1.847759204995208 1.306562859367772 1.306562872433659
2.230442303825638 -0.923879444663005 0.923880192539936 -0.3826831791609107
1.847758859088148 0.0000000827234436506785 1.306563427581712 -1.30656279340618
2.230442303825638 -0.923879444663005 0.3826841268578622 0.923879799990971
0.923879296707248 2.230442567738656 0.923879602039754 -0.3826834237540679
0.923879296707249 2.230442567738657 0.3826835363576796 0.923879555397812
1.306562741444738 1.306563040352207 0.0000003013159036030499 1.847759169643082
-0.923880230490247 -0.3826832467863129 2.230442302161912 0.923879382717897
2.230442485015148 0.923879562380989 0.3826839381456094 -0.92387932301015
2.230442485015149 0.92387956238099 -0.3826828778449404 0.923879762201035
-0.0000004724246488452266 -1.847758925049918 1.306563139313078 1.306562988390788
-1.306563479543039 1.306563087351744 1.847758614494971 -0.0000002353542526423169
-0.3826839171621376 -0.923879397663469 2.230442440036927 -0.923879605006365
-0.923880034805551 0.3826835599652961 2.230442195443743 -0.923879706320168
-0.3826839171621362 -0.923879397663469 0.923879558364303 2.230442459356702
-0.92388003480555 0.3826835599652929 0.92387931377112 2.230442358042899
1.306562776439216 -1.30656288940053 0.000000499267128306613 1.847759251637152
-0.0000002306791758721616 1.847759123001131 1.306562790439569 -1.30656305731907
0.923879271145763 -2.230442403021136 0.923879960152233 0.3826835809487388
-0.92387985361604 2.230442567009288 0.923879125058869 0.3826832350417759
0.923879527386422 0.3826834447375256 0.923879693272808 -2.230442430798065
0.923879527386424 0.3826834447375269 -0.92387925408189 2.230442612716883
2.230442776250288 0.923879480386912 -0.923879012455216 -0.3826831883998151
-1.306563444548561 -1.306562842400992 1.847758812446193 -0.0000001533601809156071
-1.847759562191972 0.0000001152277685767533 1.306562502170937 1.306562724477897
2.230442715694322 -0.92387956062014 -0.3826827866118845 -0.923879244842959
0.923879708575932 2.23044245178152 -0.3826833771120661 -0.923879489436116
1.306563153313421 1.306562924395072 0.0000002038367061807378 -1.847758960402033
2.230442715694322 -0.923879560620141 -0.92387885229396 0.3826837343089218
1.847759270956835 -0.00000003323369135443954 -1.306562433242734 1.306563205274837
0.923879708575933 2.23044245178152 -0.92387944279414 0.3826834897157623
-0.0000001811895110337414 -1.847759007043995 1.306563070384877 -1.306562941361946
-1.306563188307898 1.306563005357664 -0.0000004017879292328441 1.847758878407964
0.923879562380902 -2.230442485015212 -0.3826829904485908 0.923879715559076
0.3826834447374885 -0.923879527386451 0.92387964663085 -2.230442450117796
-0.3826834447374887 0.923879527386451 0.92387930072385 -2.23044259339715
0.923879562380901 -2.230442485015212 0.3826838255419576 -0.92387936965211
0.3826834447374913 -0.923879527386448 -0.923879300723849 2.230442593397151
-0.923879562380902 2.230442485015213 0.3826829904485919 -0.923879715559074
-0.3826834447374885 0.923879527386451 -0.923879646630848 2.230442450117797
-0.923879562380901 2.230442485015214 -0.3826838255419578 0.923879369652112
1.306563188307898 -1.306563005357668 0.0000004017879321610573 -1.847758878407963
0.0000001811895106451633 1.847759007043995 -1.306563070384875 1.306562941361945
-2.23044271569432 0.92387956062014 0.3826827866118883 0.923879244842961
-0.923879708575932 -2.23044245178152 0.3826833771120688 0.923879489436119
-1.847759270956834 0.00000003323369224261796 1.306562433242734 -1.306563205274835
-1.306563153313421 -1.306562924395069 -0.0000002038367070134051 1.847758960402036
-0.923879708575933 -2.230442451781522 0.923879442794141 -0.3826834897157612
-2.230442715694323 0.923879560620142 0.92387885229396 -0.3826837343089204
1.847759562191972 -0.0000001152277674387747 -1.306562502170934 -1.306562724477893
1.306563444548562 1.306562842400996 -1.847758812446192 0.0000001533601830111531
-2.230442776250285 -0.923879480386912 0.923879012455216 0.3826831883998166
-0.923879527386422 -0.3826834447375256 0.923879254081889 -2.230442612716883
-0.923879527386421 -0.3826834447375246 -0.923879693272808 2.230442430798063
0.92387985361604 -2.230442567009289 -0.923879125058867 -0.3826832350417753
-0.923879271145762 2.230442403021136 -0.923879960152233 -0.3826835809487379
0.0000002306791762052285 -1.84775912300113 -1.306562790439568 1.306563057319072
-1.306562776439215 1.306562889400532 -0.0000004992671265302562 -1.847759251637152
0.382683917162138 0.923879397663468 -0.923879558364301 -2.2304424593567
1.306563479543039 -1.306563087351743 -1.847758614494968 0.0000002353542536415176
0.923880034805549 -0.3826835599652931 -0.923879313771119 -2.230442358042898
0.0000004724246489562489 1.847758925049918 -1.306563139313076 -1.306562988390786
0.923880034805551 -0.3826835599652934 -2.230442195443742 0.923879706320168
0.3826839171621393 0.923879397663469 -2.230442440036926 0.923879605006365
-2.230442485015146 -0.923879562380989 -0.3826839381456089 0.923879323010154
-2.230442485015149 -0.923879562380988 0.3826828778449402 -0.923879762201034
0.923880230490247 0.3826832467863141 -2.230442302161911 -0.923879382717896
-0.92387929670725 -2.230442567738658 -0.382683536357678 -0.923879555397811
-1.306562741444739 -1.306563040352205 -0.0000003013159030063051 -1.847759169643082
-0.923879296707247 -2.230442567738655 -0.923879602039755 0.3826834237540716
-2.230442303825638 0.923879444663006 -0.3826841268578604 -0.923879799990971
-1.847758859088148 -0.0000000827234442613012 -1.30656342758171 1.306562793406182
-2.230442303825638 0.923879444663006 -0.923880192539937 0.3826831791609101
-0.923879040466587 0.3826832800200074 -0.923879868919178 -2.230442587992733
0.0000005219143139889582 -1.847759204995208 -1.306562859367771 -1.306562872433656
-0.3826829228231756 -0.923879677608758 -0.923879624325995 -2.230442486678929
-0.3826829228231738 -0.923879677608757 -2.230442505998618 0.923879577684136
-1.306562485204072 1.306562807406454 -1.847759515550027 -0.0000001378749374669752
-0.923879040466587 0.3826832800200048 -2.230442750591801 0.923879476370333
0.3826841478413136 -0.92387972533766 -2.230442348803873 -0.923879402037629
-0.3826827416336655 0.923879329435238 -2.23044269471087 -0.923879545316984
-2.230442193780012 -0.923879644375067 -0.923880072755886 -0.3826836275906982
-1.847758567853008 -0.0000001647175192909245 -1.306563496509912 -1.306563136346551
-1.306562450209597 -1.306563122346283 -1.847759317598803 -0.00000005588086404717529
-0.923878824282599 -0.3826836426887376 -2.230442741352829 -0.923879564636716