4OFF
# Vertices for 2{6}4 , 4D real representation
48

# Vertices.  Each line is the XYZW coordinates of one vertex.
-0.923879545793195 -2.230442608631654 0.923879303833624 -0.3826833039988495
-0.3826833722723944 -0.923879839251193 2.230442426456763 -0.92387942190487
-2.230442493283153 -0.923879578589889 0.3826834174224061 -0.923879502531309
-1.306562968677778 -1.306563030041528 1.306562806530157 1.306563054256034
0.923879509623323 -2.230442608631827 0.92387922405492 0.3826835839223942
-0.0000000149820500450204 -1.847759157180183 -0.0000001650528253238637 -1.847758972864953
0.3826834692667154 -0.923879762905386 2.230442345830332 0.923879652723751
-1.847759009034384 -0.000000184315088858078 1.847759121010754 0.00000003424431360699032
-0.923879484429011 -0.3826836357667251 0.923879583757186 -2.230442461179034
1.306562993872091 -1.306563214357025 1.306562808576757 -1.306562842699594
-0.923879611387435 -2.230442347970518 -0.923879784979436 0.3826835032959531
-0.00000006136418329028004 -1.847758972864931 -0.0000002799235545025702 1.847759157180185
-1.306563015059913 -1.306562845726272 -1.306563041996704 -1.306562956722598
0.923879463241191 -2.230442424316571 -0.923879817177132 -0.3826833382431611
-2.230442539665282 -0.923879394274629 -0.3826835047431283 0.923879538700748
0.3826835306308997 0.923879209959544 2.230442625753892 -0.923879504456432
-1.306562881895721 1.306562769380632 1.306563202401849 -1.306563005827264
-0.3826833572903454 0.923879317928992 2.230442591509598 0.923879550960079
0.923879596405384 0.3826831907903344 0.923879619926617 -2.230442476160903
1.847759121010756 -0.0000002606613067612784 1.847759009034362 0.0000000806264405239787
0.923879524605371 -0.3826834514516414 0.923879389107752 2.23044255678734
-2.230442478301101 0.923879578590293 -0.3826832248195735 -0.923879618479437
-0.923879524605376 0.3826834514516402 -0.923879389107743 -2.230442556787342
2.230442478301098 -0.923879578590297 0.3826832248195775 0.923879618479439
-0.923879524605374 0.3826834514516431 0.923879537253576 2.23044249542334
2.230442478301099 -0.923879578590298 -0.3826835824752321 -0.923879470333641
-2.230442478301104 0.923879578590298 0.3826835824752317 0.923879470333641
0.92387952460537 -0.3826834514516399 -0.92387953725357 -2.230442495423343
-0.92387959640538 -0.3826831907903383 -0.923879619926607 2.230442476160902
1.306562881895715 -1.306562769380636 -1.306563202401842 1.306563005827263
0.3826833572903398 -0.923879317928993 -2.230442591509591 -0.923879550960083
-1.847759121010757 0.0000002606613028754978 -1.847759009034359 -0.0000000806264385255773
-0.3826835306309029 -0.923879209959546 -2.230442625753887 0.923879504456434
-0.923879463241194 2.230442424316565 0.923879817177132 0.3826833382431562
0.00000006136418262414622 1.847758972864924 0.000000279923562107598 -1.847759157180184
1.306563015059911 1.30656284572627 1.306563041996712 1.306562956722598
2.23044253966528 0.92387939427463 0.3826835047431361 -0.923879538700746
0.92387961138743 2.230442347970516 0.923879784979445 -0.3826835032959543
-0.382683469266722 0.923879762905381 -2.230442345830327 -0.923879652723751
0.923879484429007 0.3826836357667283 -0.923879583757176 2.230442461179031
-1.306562993872091 1.306563214357023 -1.306562808576757 1.306562842699593
1.847759009034383 0.000000184315085194342 -1.847759121010755 -0.00000003424431238574499
-0.923879509623323 2.230442608631822 -0.923879224054916 -0.3826835839223971
0.00000001498205287608911 1.847759157180183 0.0000001650528337615587 1.847758972864947
2.23044249328315 0.923879578589886 -0.3826834174223994 0.92387950253131
1.306562968677774 1.306563030041527 -1.306562806530149 -1.306563054256035
0.3826833722723933 0.923879839251191 -2.230442426456762 0.923879421904871
0.923879545793188 2.230442608631654 -0.923879303833619 0.3826833039988447