4OFF
# Vertices for 5{4}3 , 4D real representation
600

# Vertices.  Each line is the XYZW coordinates of one vertex.
-14.1411 1. 4.78339 1.20906
-13.5231 0 6.40142 -1.20906
-11.314 1. 9.35772 2.9563
-14.1411 -4.16535 2.82709 0
-10.5668 -1. 10.5668 1.
-14.1411 -3.57433 1.9563 2.9563
-9.56677 -3.57433 9.35772 5.78339
-11.5668 -7.73968 4.78339 2.9563
-11.314 -6.40142 4.78339 5.78339
-9.35772 -5.78339 9.56677 3.57433
-14.1411 1.9563 2.9563 3.57433
-12.314 -1. 7.73968 -3.57433
-11.5668 2.9563 7.73968 4.78339
-13.5231 -4.57433 3.57433 -2.9563
-13.5231 -2.82709 1. 5.78339
-9.35772 -2.9563 11.314 -1.
-9.35772 -1.20906 8.73968 7.73968
-11.314 -8.73968 4.57433 0
-10.5668 -4.78339 4.57433 8.35772
-8.73968 -7.73968 9.35772 1.20906
-13.5231 2.82709 1. 5.78339
-10.5668 -1.9563 8.73968 -5.78339
-11.314 4.78339 5.78339 6.40142
-12.314 -4.78339 4.16535 -5.78339
-12.314 -1.9563 0 8.35772
-7.73968 -4.78339 11.5668 -2.9563
-13.5231 4.57433 3.57433 -2.9563
-8.73968 1.20906 7.73968 9.35772
-10.5668 -9.35772 4.16535 -2.9563
-9.35772 -2.9563 4.16535 10.5668
-7.73968 -9.35772 8.73968 -1.20906
-12.314 4.16535 5.78339 -4.78339
-14.1411 4.78339 1.20906 -1.
-7.73968 3.57433 12.314 1.
-14.1411 -4.16535 -2.82709 0
-8.73968 5.78339 10.5668 1.9563
-14.1411 -3.57433 -1.9563 -2.9563
-6.40142 1.20906 13.5231 0
-13.5231 -4.57433 -3.57433 2.9563
-14.1411 4.78339 -1.20906 1.
-10.5668 3.57433 7.73968 -6.40142
-4.78339 -5.78339 11.314 6.40142
-8.73968 -10.5668 1.9563 5.78339
-9.35772 7.73968 8.35772 2.82709
-13.5231 -2.82709 -1. -5.78339
-4.78339 -2.9563 11.5668 7.73968
-9.35772 -11.314 1. 2.9563
-10.5668 6.40142 3.57433 7.73968
-10.5668 -4.78339 4.57433 -8.35772
-12.314 3.57433 -1. 7.73968
-8.35772 -2.82709 9.35772 -7.73968
-7.73968 -9.35772 2.82709 8.35772
-4.57433 -8.35772 10.5668 4.78339
-7.73968 3.57433 6.40142 10.5668
-4.78339 -1.20906 14.1411 -1.
-12.314 -4.78339 -4.16535 5.78339
-9.35772 -9.56677 3.57433 -5.78339
-10.5668 -1. -1. 10.5668
-5.78339 -6.40142 11.314 -4.78339
-4.57433 0 11.314 8.73968
-7.73968 -1. 3.57433 12.314
-6.40142 -10.5668 7.73968 -3.57433
-9.56677 -11.5668 0 0
-9.35772 7.73968 8.35772 -2.82709
-14.1411 1.9563 -2.9563 -3.57433
-10.5668 8.73968 5.78339 -1.9563
-13.5231 2.82709 -1. -5.78339
-6.40142 -7.73968 3.57433 10.5668
-4.16535 -10.5668 9.35772 2.9563
-9.56677 9.35772 5.78339 3.57433
-7.73968 6.40142 10.5668 -3.57433
-13.5231 4.57433 -3.57433 2.9563
-14.1411 1. -4.78339 -1.20906
-8.35772 2.82709 9.35772 -7.73968
-12.314 -1.9563 0 -8.35772
-11.314 9.35772 2.9563 -1.
-12.314 3.57433 1. -7.73968
-2.82709 0 14.1411 4.16535
-10.5668 -9.35772 -4.16535 2.9563
-3.57433 2.9563 13.5231 4.57433
-11.314 -8.73968 -4.57433 0
-4.16535 2.9563 10.5668 9.35772
-10.5668 -4.78339 -4.57433 8.35772
-9.35772 -11.314 -1. -2.9563
-2.9563 -3.57433 14.1411 -1.9563
-5.78339 4.78339 12.314 -4.16535
-13.5231 0 -6.40142 1.20906
-9.35772 -9.56677 -3.57433 5.78339
-1.9563 -2.9563 14.1411 3.57433
-4.16535 5.78339 12.314 4.78339
-11.5668 -7.73968 -4.78339 -2.9563
-3.57433 -10.5668 6.40142 7.73968
-4.78339 -5.78339 4.16535 12.314
-3.57433 -12.314 7.73968 1.
-9.35772 7.73968 1.20906 8.73968
-8.35772 -4.57433 4.78339 -10.5668
-4.16535 -12.314 4.78339 5.78339
-2.82709 -8.35772 7.73968 9.35772
-10.5668 4.16535 -2.9563 9.35772
-5.78339 -3.57433 9.56677 -9.35772
-11.5668 9.56677 0 0
-10.5668 4.16535 2.9563 -9.35772
-6.40142 5.78339 4.78339 11.314
-7.73968 -9.35772 2.82709 -8.35772
-9.35772 10.5668 2.9563 4.16535
-10.5668 -1. 1. -10.5668
-7.73968 -9.35772 -2.82709 8.35772
-1. -5.78339 13.5231 2.82709
-12.314 4.16535 -5.78339 4.78339
-5.78339 1.9563 10.5668 -8.73968
-8.35772 0 -1.9563 12.314
-3.57433 -7.73968 10.5668 -6.40142
-5.78339 1. 2.82709 13.5231
-4.78339 -11.314 6.40142 -5.78339
-1.9563 -5.78339 8.73968 10.5668
-4.57433 -13.5231 2.9563 3.57433
-4.57433 8.35772 10.5668 4.78339
-3.57433 2.9563 13.5231 -4.57433
-11.314 -6.40142 -4.78339 -5.78339
-12.314 -1. -7.73968 3.57433
-3.57433 5.78339 9.35772 9.56677
-8.73968 -10.5668 -1.9563 -5.78339
-8.35772 -4.57433 -4.78339 10.5668
-1. -5.78339 13.5231 -2.82709
-11.314 9.35772 -2.9563 1.
-8.35772 4.57433 4.78339 -10.5668
-1. -2.9563 9.35772 11.314
-2.9563 -3.57433 4.57433 13.5231
-5.78339 -8.73968 -1.9563 10.5668
-2.82709 -13.5231 5.78339 -1.
0 -8.35772 12.314 1.9563
-4.78339 -14.1411 1. 1.20906
-4.78339 10.5668 8.35772 4.57433
-10.5668 -4.78339 -4.57433 -8.35772
-10.5668 -1.9563 -8.73968 5.78339
-1.20906 1. 14.1411 -4.78339
-8.73968 11.314 0 4.57433
-8.35772 0 1.9563 -12.314
-7.73968 8.73968 -1.20906 9.35772
-10.5668 3.57433 -7.73968 6.40142
-2.9563 1. 11.314 -9.35772
-5.78339 -4.16535 4.78339 -12.314
-8.35772 4.57433 -4.78339 10.5668
-2.9563 -4.16535 9.35772 -10.5668
0 0 9.56677 11.5668
-4.78339 -14.1411 -1. -1.20906
-4.78339 7.73968 2.9563 11.5668
-2.82709 8.35772 7.73968 9.35772
-7.73968 -9.35772 -2.82709 -8.35772
-5.78339 -8.73968 1.9563 -10.5668
1. -10.5668 10.5668 1.
-3.57433 -7.73968 -1. 12.314
-6.40142 11.314 5.78339 -4.78339
-11.314 4.78339 -5.78339 -6.40142
-5.78339 1. -2.82709 13.5231
-1.20906 -8.73968 9.35772 -7.73968
-10.5668 8.73968 -5.78339 1.9563
-4.78339 10.5668 8.35772 -4.57433
-11.5668 2.9563 -7.73968 -4.78339
-5.78339 4.78339 6.40142 -11.314
-7.73968 11.5668 2.9563 -4.78339
-10.5668 6.40142 -3.57433 -7.73968
-3.57433 2.9563 1.9563 14.1411
-2.9563 -11.5668 4.78339 -7.73968
-5.78339 -4.16535 -4.78339 12.314
1. -7.73968 12.314 -3.57433
-4.78339 12.314 5.78339 4.16535
-9.35772 -2.9563 -4.16535 -10.5668
-1. -1.20906 4.78339 14.1411
-1.9563 -14.1411 3.57433 -2.9563
-2.9563 9.35772 10.5668 -4.16535
-11.314 1. -9.35772 -2.9563
-8.73968 11.314 0 -4.57433
-9.35772 7.73968 -1.20906 -8.73968
-8.35772 -2.82709 -9.35772 7.73968
1.20906 -1. 14.1411 -4.78339
1.9563 2.9563 14.1411 3.57433
-7.73968 -9.35772 -8.73968 1.20906
1. 5.78339 13.5231 2.82709
-8.73968 -7.73968 -9.35772 -1.20906
-1. 7.73968 12.314 -3.57433
-10.5668 -1. -10.5668 -1.
-9.35772 10.5668 -2.9563 -4.16535
-7.73968 8.73968 1.20906 -9.35772
1. 2.9563 9.35772 11.314
2.82709 0 14.1411 4.16535
-6.40142 -10.5668 -7.73968 3.57433
-4.57433 -13.5231 -2.9563 -3.57433
0 8.35772 12.314 1.9563
-9.35772 -5.78339 -9.56677 -3.57433
-7.73968 11.5668 -2.9563 4.78339
-5.78339 1. 2.82709 -13.5231
1.9563 -12.314 8.35772 0
-1.20906 -6.40142 0 13.5231
3.57433 -2.9563 13.5231 4.57433
-4.78339 -11.314 -6.40142 5.78339
-1. 10.5668 10.5668 1.
-9.56677 -3.57433 -9.35772 -5.78339
1.9563 -10.5668 5.78339 8.73968
1. -12.314 3.57433 7.73968
-8.35772 2.82709 -9.35772 7.73968
-1.9563 10.5668 5.78339 8.73968
1. 5.78339 13.5231 -2.82709
-6.40142 -7.73968 -3.57433 -10.5668
-9.35772 -2.9563 -11.314 1.
0 0 11.5668 -9.56677
-9.56677 9.35772 -5.78339 -3.57433
-5.78339 9.35772 3.57433 -9.56677
2.82709 -8.35772 7.73968 9.35772
0 -13.5231 1.20906 6.40142
-4.57433 13.5231 2.9563 3.57433
-9.35772 7.73968 -8.35772 2.82709
-2.9563 4.78339 7.73968 -11.5668
-7.73968 -1. -3.57433 -12.314
4.16535 -5.78339 12.314 4.78339
-2.9563 -11.5668 -4.78339 7.73968
-1.9563 12.314 8.35772 0
-9.35772 -1.20906 -8.73968 -7.73968
3.57433 -5.78339 9.35772 9.56677
-1. -14.1411 -1.20906 4.78339
-5.78339 9.35772 -3.57433 9.56677
-2.9563 -3.57433 4.57433 -13.5231
-2.9563 9.35772 1. 11.314
-3.57433 -7.73968 1. -12.314
1. 1.20906 4.78339 14.1411
-2.9563 -3.57433 -4.57433 13.5231
2.9563 -9.35772 10.5668 -4.16535
-1. -14.1411 1.20906 -4.78339
-5.78339 4.78339 -6.40142 11.314
0 -4.57433 8.73968 -11.314
4.16535 -2.9563 10.5668 9.35772
-1.9563 -14.1411 -3.57433 2.9563
2.9563 3.57433 14.1411 -1.9563
-7.73968 -4.78339 -11.5668 2.9563
-3.57433 9.56677 5.78339 -9.35772
-9.35772 7.73968 -8.35772 -2.82709
4.57433 -8.35772 10.5668 4.78339
-1. -11.314 -2.9563 9.35772
1.9563 5.78339 8.73968 10.5668
-1.20906 4.78339 1. 14.1411
3.57433 -2.9563 13.5231 -4.57433
-5.78339 -3.57433 -9.56677 9.35772
-4.16535 -12.314 -4.78339 -5.78339
-1. -11.314 2.9563 -9.35772
-2.82709 13.5231 5.78339 -1.
-8.73968 1.20906 -7.73968 -9.35772
-2.9563 1.9563 -3.57433 14.1411
1.20906 -9.35772 7.73968 -8.73968
4.57433 0 11.314 8.73968
-2.82709 -13.5231 -5.78339 1.
1.20906 -4.78339 1. 14.1411
2.82709 -13.5231 5.78339 -1.
4.78339 -10.5668 8.35772 4.57433
1. -10.5668 -1. 10.5668
-6.40142 11.314 -5.78339 4.78339
-2.9563 1.9563 3.57433 -14.1411
-3.57433 14.1411 2.9563 -1.9563
-7.73968 3.57433 -6.40142 -10.5668
4.78339 1.20906 14.1411 -1.
-5.78339 -6.40142 -11.314 4.78339
-4.16535 14.1411 0 2.82709
-1.20906 9.35772 7.73968 -8.73968
-8.73968 5.78339 -10.5668 -1.9563
-5.78339 1. -2.82709 -13.5231
4.78339 2.9563 11.5668 7.73968
-3.57433 -12.314 -7.73968 -1.
-1. 12.314 3.57433 7.73968
-4.78339 -5.78339 -4.16535 -12.314
-7.73968 6.40142 -10.5668 3.57433
0 4.57433 8.73968 -11.314
-5.78339 1.9563 -10.5668 8.73968
2.9563 -1. 11.314 -9.35772
2.9563 -9.35772 1. 11.314
4.78339 -12.314 5.78339 4.16535
-4.16535 14.1411 0 -2.82709
-6.40142 5.78339 -4.78339 -11.314
2.82709 8.35772 7.73968 9.35772
-3.57433 -10.5668 -6.40142 -7.73968
4.78339 5.78339 11.314 6.40142
-4.16535 -10.5668 -9.35772 -2.9563
2.9563 3.57433 4.57433 13.5231
0 -13.5231 -1.20906 -6.40142
4.78339 -10.5668 8.35772 -4.57433
0 -2.82709 -4.16535 14.1411
6.40142 -1.20906 13.5231 0
5.78339 -4.78339 12.314 -4.16535
-2.9563 -4.16535 -9.35772 10.5668
-3.57433 -7.73968 -10.5668 6.40142
1.20906 8.73968 9.35772 -7.73968
-7.73968 3.57433 -12.314 -1.
-3.57433 9.56677 -5.78339 9.35772
0 -2.82709 4.16535 -14.1411
3.57433 -2.9563 1.9563 14.1411
3.57433 -14.1411 2.9563 -1.9563
-1. 10.5668 -1. 10.5668
-1.20906 -6.40142 0 -13.5231
4.57433 -13.5231 2.9563 3.57433
4.78339 -7.73968 2.9563 11.5668
4.57433 8.35772 10.5668 4.78339
-2.9563 4.78339 -7.73968 11.5668
-4.57433 -8.35772 -10.5668 -4.78339
2.9563 -4.78339 7.73968 -11.5668
-4.57433 13.5231 -2.9563 -3.57433
-4.78339 7.73968 -2.9563 -11.5668
1.20906 6.40142 0 13.5231
1. -10.5668 1. -10.5668
-3.57433 14.1411 -2.9563 1.9563
-3.57433 2.9563 -1.9563 -14.1411
0 2.82709 -4.16535 14.1411
3.57433 -9.56677 5.78339 -9.35772
7.73968 -3.57433 12.314 1.
-1.20906 -8.73968 -9.35772 7.73968
-5.78339 4.78339 -12.314 4.16535
3.57433 7.73968 10.5668 -6.40142
-6.40142 1.20906 -13.5231 0
2.9563 4.16535 9.35772 -10.5668
-4.78339 10.5668 -8.35772 4.57433
0 2.82709 4.16535 -14.1411
0 13.5231 1.20906 6.40142
-2.9563 -3.57433 -4.57433 -13.5231
4.16535 10.5668 9.35772 2.9563
-4.78339 -5.78339 -11.314 -6.40142
3.57433 10.5668 6.40142 7.73968
-2.82709 -8.35772 -7.73968 -9.35772
4.16535 -14.1411 0 2.82709
6.40142 -5.78339 4.78339 11.314
-4.78339 12.314 -5.78339 -4.16535
-2.9563 9.35772 -1. -11.314
-2.9563 1. -11.314 9.35772
5.78339 -1.9563 10.5668 -8.73968
7.73968 -6.40142 10.5668 -3.57433
0 -4.57433 -8.73968 11.314
4.78339 5.78339 4.16535 12.314
1. -12.314 -3.57433 -7.73968
3.57433 12.314 7.73968 1.
-4.78339 -2.9563 -11.5668 -7.73968
8.73968 -5.78339 10.5668 1.9563
4.16535 -14.1411 0 -2.82709
5.78339 -1. 2.82709 13.5231
1.20906 -9.35772 -7.73968 8.73968
5.78339 6.40142 11.314 -4.78339
-4.78339 -1.20906 -14.1411 1.
7.73968 -3.57433 6.40142 10.5668
3.57433 -14.1411 -2.9563 1.9563
6.40142 -11.314 5.78339 -4.78339
2.9563 -1.9563 -3.57433 14.1411
-4.78339 10.5668 -8.35772 -4.57433
-1. 10.5668 1. -10.5668
-2.82709 13.5231 -5.78339 1.
-1.20906 4.78339 -1. -14.1411
2.82709 13.5231 5.78339 -1.
-4.57433 0 -11.314 -8.73968
-1.20906 9.35772 -7.73968 8.73968
2.9563 -1.9563 3.57433 -14.1411
8.73968 -1.20906 7.73968 9.35772
2.82709 -13.5231 -5.78339 1.
4.16535 12.314 4.78339 5.78339
1. 11.314 -2.9563 9.35772
-3.57433 2.9563 -13.5231 4.57433
-1.9563 -5.78339 -8.73968 -10.5668
1.20906 -4.78339 -1. -14.1411
5.78339 3.57433 9.56677 -9.35772
1. 11.314 2.9563 -9.35772
-4.57433 8.35772 -10.5668 -4.78339
9.35772 -7.73968 8.35772 2.82709
3.57433 -9.56677 -5.78339 9.35772
7.73968 4.78339 11.5668 -2.9563
-2.9563 -3.57433 -14.1411 1.9563
1.9563 14.1411 3.57433 -2.9563
-4.16535 2.9563 -10.5668 -9.35772
0 4.57433 -8.73968 11.314
5.78339 -4.78339 6.40142 -11.314
1. 14.1411 -1.20906 4.78339
-2.9563 9.35772 -10.5668 4.16535
2.9563 3.57433 4.57433 -13.5231
-1. -1.20906 -4.78339 -14.1411
3.57433 7.73968 -1. 12.314
2.9563 -9.35772 -1. -11.314
5.78339 -9.35772 3.57433 -9.56677
2.9563 3.57433 -4.57433 13.5231
1. 14.1411 1.20906 -4.78339
-3.57433 5.78339 -9.35772 -9.56677
9.35772 1.20906 8.73968 7.73968
1.9563 -12.314 -8.35772 0
2.9563 11.5668 4.78339 -7.73968
-4.16535 5.78339 -12.314 -4.78339
4.57433 -13.5231 -2.9563 -3.57433
9.35772 -7.73968 8.35772 -2.82709
7.73968 1. 3.57433 12.314
2.9563 -4.78339 -7.73968 11.5668
0 13.5231 -1.20906 -6.40142
-2.82709 8.35772 -7.73968 -9.35772
5.78339 -9.35772 -3.57433 9.56677
9.56677 -9.35772 5.78339 3.57433
9.35772 2.9563 11.314 -1.
6.40142 7.73968 3.57433 10.5668
0 0 -11.5668 9.56677
-1. -5.78339 -13.5231 2.82709
1.9563 -10.5668 -5.78339 -8.73968
8.35772 -2.82709 9.35772 -7.73968
-1. 12.314 -3.57433 -7.73968
-1.9563 10.5668 -5.78339 -8.73968
9.56677 3.57433 9.35772 5.78339
1. -10.5668 -10.5668 -1.
4.78339 11.314 6.40142 -5.78339
-3.57433 2.9563 -13.5231 -4.57433
-1.9563 12.314 -8.35772 0
1.20906 6.40142 0 -13.5231
7.73968 -11.5668 2.9563 -4.78339
5.78339 -1. -2.82709 13.5231
9.35772 5.78339 9.56677 3.57433
0 -8.35772 -12.314 -1.9563
6.40142 10.5668 7.73968 -3.57433
4.57433 13.5231 2.9563 3.57433
-2.82709 0 -14.1411 -4.16535
-1. -2.9563 -9.35772 -11.314
9.35772 -10.5668 2.9563 4.16535
7.73968 -8.73968 -1.20906 9.35772
10.5668 1. 10.5668 1.
1. -7.73968 -12.314 3.57433
8.73968 7.73968 9.35772 1.20906
-1. -5.78339 -13.5231 -2.82709
7.73968 9.35772 8.73968 -1.20906
-1.9563 -2.9563 -14.1411 -3.57433
-1.20906 1. -14.1411 4.78339
8.35772 2.82709 9.35772 -7.73968
8.73968 -11.314 0 4.57433
9.35772 -7.73968 1.20906 8.73968
11.314 -1. 9.35772 2.9563
2.9563 -9.35772 -10.5668 4.16535
1.9563 14.1411 -3.57433 2.9563
1. 1.20906 -4.78339 -14.1411
9.35772 2.9563 4.16535 10.5668
4.78339 -12.314 -5.78339 -4.16535
-1. 7.73968 -12.314 3.57433
5.78339 4.16535 4.78339 -12.314
2.9563 11.5668 -4.78339 7.73968
3.57433 -2.9563 -1.9563 -14.1411
7.73968 -11.5668 -2.9563 4.78339
10.5668 -6.40142 3.57433 7.73968
11.5668 -2.9563 7.73968 4.78339
10.5668 -8.73968 5.78339 -1.9563
4.78339 -10.5668 -8.35772 4.57433
5.78339 -4.78339 -6.40142 11.314
1.20906 8.73968 -9.35772 7.73968
5.78339 -1. 2.82709 -13.5231
11.314 -4.78339 5.78339 6.40142
6.40142 -11.314 -5.78339 4.78339
3.57433 7.73968 1. -12.314
-1. 10.5668 -10.5668 -1.
7.73968 9.35772 2.82709 8.35772
5.78339 8.73968 -1.9563 10.5668
4.78339 -7.73968 -2.9563 -11.5668
2.82709 -8.35772 -7.73968 -9.35772
4.78339 14.1411 1. 1.20906
0 0 -9.56677 -11.5668
2.9563 4.16535 -9.35772 10.5668
8.35772 -4.57433 4.78339 -10.5668
7.73968 -8.73968 1.20906 -9.35772
2.9563 -1. -11.314 9.35772
5.78339 4.16535 -4.78339 12.314
10.5668 -3.57433 7.73968 -6.40142
8.73968 -11.314 0 -4.57433
8.35772 0 -1.9563 12.314
10.5668 1.9563 8.73968 -5.78339
1.20906 -1. -14.1411 4.78339
10.5668 4.78339 4.57433 8.35772
4.78339 -10.5668 -8.35772 -4.57433
5.78339 8.73968 1.9563 -10.5668
4.78339 14.1411 -1. -1.20906
1. 2.9563 -9.35772 -11.314
2.9563 3.57433 -4.57433 -13.5231
0 8.35772 -12.314 -1.9563
2.82709 13.5231 -5.78339 1.
11.314 -9.35772 2.9563 -1.
8.35772 -4.57433 -4.78339 10.5668
1. 5.78339 -13.5231 2.82709
8.35772 4.57433 4.78339 -10.5668
8.73968 10.5668 1.9563 5.78339
3.57433 -5.78339 -9.35772 -9.56677
11.314 6.40142 4.78339 5.78339
12.314 1. 7.73968 -3.57433
3.57433 -2.9563 -13.5231 4.57433
4.57433 -8.35772 -10.5668 -4.78339
4.57433 13.5231 -2.9563 -3.57433
1.9563 5.78339 -8.73968 -10.5668
5.78339 -1. -2.82709 -13.5231
4.78339 11.314 -6.40142 5.78339
3.57433 7.73968 -10.5668 6.40142
8.35772 0 1.9563 -12.314
5.78339 -1.9563 -10.5668 8.73968
12.314 -4.16535 5.78339 -4.78339
7.73968 9.35772 2.82709 -8.35772
1. 5.78339 -13.5231 -2.82709
9.35772 -10.5668 -2.9563 -4.16535
10.5668 1. -1. 10.5668
6.40142 -5.78339 -4.78339 -11.314
7.73968 9.35772 -2.82709 8.35772
11.5668 -9.56677 0 0
10.5668 -4.16535 -2.9563 9.35772
5.78339 3.57433 -9.56677 9.35772
10.5668 -4.16535 2.9563 -9.35772
4.16535 12.314 -4.78339 -5.78339
2.82709 8.35772 -7.73968 -9.35772
9.35772 -7.73968 -1.20906 -8.73968
8.35772 4.57433 -4.78339 10.5668
3.57433 12.314 -7.73968 -1.
4.78339 5.78339 -4.16535 -12.314
3.57433 10.5668 -6.40142 -7.73968
11.5668 7.73968 4.78339 2.9563
4.16535 -5.78339 -12.314 -4.78339
9.35772 9.56677 3.57433 -5.78339
1.9563 2.9563 -14.1411 -3.57433
5.78339 -4.78339 -12.314 4.16535
13.5231 0 6.40142 -1.20906
9.35772 11.314 1. 2.9563
10.5668 4.78339 4.57433 -8.35772
2.9563 3.57433 -14.1411 1.9563
4.16535 -2.9563 -10.5668 -9.35772
11.314 8.73968 4.57433 0
3.57433 -2.9563 -13.5231 -4.57433
10.5668 9.35772 4.16535 -2.9563
2.82709 0 -14.1411 -4.16535
11.314 -9.35772 -2.9563 1.
12.314 -3.57433 -1. 7.73968
9.56677 -9.35772 -5.78339 -3.57433
12.314 1.9563 0 8.35772
14.1411 -1. 4.78339 1.20906
7.73968 -6.40142 -10.5668 3.57433
8.35772 -2.82709 -9.35772 7.73968
13.5231 -4.57433 3.57433 -2.9563
6.40142 7.73968 -3.57433 -10.5668
4.16535 10.5668 -9.35772 -2.9563
13.5231 -2.82709 1. 5.78339
10.5668 -8.73968 -5.78339 1.9563
14.1411 -1.9563 2.9563 3.57433
9.35772 -7.73968 -8.35772 2.82709
7.73968 1. -3.57433 -12.314
9.56677 11.5668 0 0
6.40142 10.5668 -7.73968 3.57433
4.57433 0 -11.314 -8.73968
10.5668 1. 1. -10.5668
5.78339 6.40142 -11.314 4.78339
12.314 4.78339 4.16535 -5.78339
7.73968 -3.57433 -6.40142 -10.5668
4.78339 1.20906 -14.1411 1.
9.35772 9.56677 -3.57433 5.78339
7.73968 9.35772 -2.82709 -8.35772
4.57433 8.35772 -10.5668 -4.78339
8.35772 2.82709 -9.35772 7.73968
12.314 -3.57433 1. -7.73968
10.5668 -6.40142 -3.57433 -7.73968
10.5668 4.78339 -4.57433 8.35772
9.35772 11.314 -1. -2.9563
4.78339 2.9563 -11.5668 -7.73968
9.35772 -7.73968 -8.35772 -2.82709
13.5231 2.82709 1. 5.78339
8.73968 10.5668 -1.9563 -5.78339
4.78339 5.78339 -11.314 -6.40142
10.5668 -3.57433 -7.73968 6.40142
14.1411 -4.78339 1.20906 -1.
13.5231 4.57433 3.57433 -2.9563
6.40142 -1.20906 -13.5231 0
14.1411 3.57433 1.9563 2.9563
8.73968 -5.78339 -10.5668 -1.9563
14.1411 4.16535 2.82709 0
7.73968 -3.57433 -12.314 -1.
12.314 -4.16535 -5.78339 4.78339
14.1411 -4.78339 -1.20906 1.
9.35772 2.9563 -4.16535 -10.5668
7.73968 9.35772 -8.73968 1.20906
8.73968 -1.20906 -7.73968 -9.35772
10.5668 9.35772 -4.16535 2.9563
13.5231 -4.57433 -3.57433 2.9563
12.314 1.9563 0 -8.35772
7.73968 4.78339 -11.5668 2.9563
11.314 -4.78339 -5.78339 -6.40142
12.314 4.78339 -4.16535 5.78339
10.5668 1.9563 -8.73968 5.78339
13.5231 -2.82709 -1. -5.78339
8.73968 7.73968 -9.35772 -1.20906
10.5668 4.78339 -4.57433 -8.35772
11.314 8.73968 -4.57433 0
9.35772 1.20906 -8.73968 -7.73968
13.5231 2.82709 -1. -5.78339
9.35772 2.9563 -11.314 1.
11.5668 -2.9563 -7.73968 -4.78339
13.5231 4.57433 -3.57433 2.9563
12.314 1. -7.73968 3.57433
14.1411 -1.9563 -2.9563 -3.57433
11.314 6.40142 -4.78339 -5.78339
9.35772 5.78339 -9.56677 -3.57433
11.5668 7.73968 -4.78339 -2.9563
9.56677 3.57433 -9.35772 -5.78339
14.1411 3.57433 -1.9563 -2.9563
10.5668 1. -10.5668 -1.
14.1411 4.16535 -2.82709 0
11.314 -1. -9.35772 -2.9563
14.1411 -1. -4.78339 -1.20906
13.5231 0 -6.40142 1.20906