4OFF
# Vertices for 2{6}5 , 4D real representation
240

# Vertices.  Each line is the XYZW coordinates of one vertex.
-1.494242969070722 0.2021352699406208 3.129266723638759 1.151305392242269
0.2278102195750142 0.873089152814553 2.645540350304774 2.361857138324473
-1.085632860342318 1.257572894020837 3.110016545794508 0.979358895147051
-0.5460317057279748 0.1719464660951657 2.36185476382418 2.735938763128377
0.3740740681483456 -0.4333297676773387 3.447483591192083 1.085626936058261
0.1407914803827225 -1.257572455337769 2.988472942440396 1.690903250567368
0.5707396797963233 0.4333302568293731 3.569030526007303 0.3740818930401364
-1.756586164983537 -0.873088762720625 2.842202471689949 1.210554095928468
0.979352493338871 1.488767790086625 2.670262014734055 1.756580480795056
-1.266424243247713 -0.5460275387470893 1.846974377050704 2.842207639391016
-0.5707534431946925 2.189910521208722 2.786336279688462 0.7115459258001801
-1.706183190541001 1.584634116395298 1.722047049097533 2.236931525553727
-2.46812818234629 0.7772227892480908 1.690896590631015 1.958716871583037
-0.7772251003682582 2.236930415434631 1.584631544191083 2.296179736184821
-0.1062727584346868 -1.958715189047222 2.236929740167295 2.13066217369524
-0.979365766969378 -0.2021347295783503 3.447480932478973 -0.7115437566523504
1.584630323543346 -0.4990075628606784 2.130664693727363 2.468125038297023
0.711537315008655 1.257572896608192 3.341215886039042 -0.374080892050566
-0.7115527208659823 -1.257572379306242 3.341212869614006 -0.3740802694747052
2.074787868797953 -0.1719461919325011 2.558527156304892 1.584633600826839
-1.846982468212292 -1.862848784119669 2.276923639023075 1.151305330278841
-1.151311668159272 0.873089275836147 3.216285541660838 -0.979356383311996
0.939358121451639 -0.7772225967459217 1.494237925713965 3.110019200580378
1.635028921504661 1.958715463209885 2.433599828351722 0.979357486989546
-2.735943360676506 0.5460278957696581 2.361850461936004 -0.171944501262582
-1.862850352141817 -1.210552563699215 1.151299269624325 2.670261429085008
0.873088306180589 1.151303989108038 0.979358812668434 3.216287813951592
-0.000004702354098468087 2.907884448576906 2.189910004980107 0.3740818836040094
-2.988475591203306 -0.1062685197403153 1.494229392704238 1.488769363038886
-0.2021350015393713 0.979357667633426 0.7115436793951294 3.447483233340424
-2.558527391789706 1.584634192426824 2.074786976271142 0.171948005511656
0.2278131978742284 2.670260379800563 1.292101262962032 2.130661875813197
-0.3740879367649027 -2.189910082525654 2.907883611472283 0.000000800849617177413
2.361850721557505 0.1719464702815945 2.735943154516388 0.5460271857162092
1.494229643833373 -1.48876743730508 2.988476418277265 -0.106268708285338
-2.645546130981999 -0.5460274157254975 2.417719568406763 -0.4990058822454535
1.862847647327666 1.21055265452218 1.15130748176367 2.670259734138287
-1.257571926951291 0.7115449940647503 0.374077693166299 3.3412149738218
-2.130664935485981 2.468125453533621 1.584628885477975 0.4990090434742132
0.2021350015393704 -0.979357667633424 0.7115447385638745 3.447483014733007
-1.21055916160966 1.862849219761116 2.670257712845876 -1.151302783595905
1.151296262301947 -0.873088758534197 3.216290862382161 -0.979357481483704
1.690897416916288 -1.958715186459868 2.468129080411831 0.7772223864976255
-0.3429342792106624 -2.468125232881538 1.266420269320667 2.36185703806554
0.7826847202559594 1.958715539241414 2.786339755525335 -1.085626033052526
-0.000004818989354726799 -2.907884128866722 2.189910445023195 0.3740817927812014
1.722048369656382 -2.236930245992788 1.706184071689207 1.584633538863409
0.6956659810636667 -0.1719460689109082 3.129272347660956 -1.756579920809635
2.417719169709402 0.499007813963023 2.645545974326968 -0.5460281747274268
-3.216290187259537 -0.979357525600224 1.151296610911215 0.873090736374398
1.2105515530409 2.842206653393562 0.873091107515394 1.756579985842766
-1.756583258768873 -2.670260187298395 1.488763656308791 0.979358777285604
-2.296184413383219 -1.584633759372731 2.236925438279117 -0.7772210906957202
2.670258481531563 1.15130399169539 1.210558152912966 1.862848026753981
2.130657326917222 2.236930419621058 1.958719934883294 0.1062681587726529
-2.189908950134384 0.3740813388515261 -0.000005624022190980904 2.907885313051901
-1.494238150081364 3.110019398807337 0.939356278615566 0.7772235994610677
-2.276927689326676 -1.756580269300792 0.3429269681134308 2.236931425294791
-0.5548745006809424 -1.085626386426859 -0.1407994052205562 3.447483171376996
-1.151308689860057 2.670260502822159 1.862846454318095 -1.210551645823274
0.5707444987856762 3.341214385696088 1.379120080984106 0.0000001002589318926939
-2.236929122644259 2.130661652555031 -0.1062743165876479 1.958716376630754
1.584633229758007 -2.296178987438453 0.7772258783462061 2.236929719654164
0.1719390666089777 0.5460278999560881 2.735938852628214 -2.361856078674754
-2.988472612904089 1.690902707245695 0.1407903053614961 1.257574100527609
-1.266419424258355 2.361856590119628 -0.3429360679724889 2.468125846609814
-1.722056166944949 -2.468125109859949 1.837165460676729 -0.979356483570929
-1.292107967531349 -0.7772223976928077 2.417723044243635 -2.296177841098161
2.786337611364717 -0.7115450396122645 0.5707533740336345 2.189909132812814
3.216285810778313 0.979357672554873 1.151310957600539 0.873087775285587
-2.907882427285475 -0.000000004186432014420538 -0.3740883906922053 2.189911577412168
-3.447483581899822 1.085626423739241 0.3740733912781194 0.433331709430842
-0.1719437689630725 2.361856548620819 -0.5460288476480974 2.735937962278757
-0.7115449235774122 3.447482976546487 0.2021329343222279 0.979358094297432
-0.5460270033738738 -2.735937982481739 0.171944758844075 2.361856879524365
2.189911654948527 -0.3740814296744839 0.000004301888183233515 2.907883264390953
-1.958721166522908 0.1062689049128 2.130657733126075 -2.236928918804547
0.7772174917995 2.468125457720049 1.958717276170182 -1.690902533937956
0.374078770502447 -3.341214216254252 1.257573586211974 0.7115450524542544
-0.4990142380322444 -1.584633756785376 2.468124778523654 -2.13066087789334
3.110017428824843 -0.979357663446989 1.085633129256085 1.257571437320839
2.236924420290166 0.7772227960218761 2.296184321567759 -1.584634493026747
-3.129271890575382 -1.756580193269269 0.6956668952870375 0.1719479052527226
1.379121887734284 -0.0000001230215927114364 -0.5707451913560547 3.341213521636465
-2.433601090522362 0.979357866686545 1.635028797924797 -1.958713808338116
2.074792687787307 2.735937936934215 0.3686167112817003 1.210551808045633
0.3429264819220963 -2.236930122971195 2.27692926304527 -1.756579982773064
3.12926707158603 -1.151303935597451 1.494243549736155 0.2021338875284795
-3.569030837868671 0.3740814618731172 0.5707395673338671 -0.4333282085845662
0.939362940440997 2.130661532120791 -0.695672519309224 2.735937407799178
-1.49423744112194 -3.216287918547655 0.5548731140886729 0.7115457635778175
1.292103148541994 -2.130661731173911 -0.2278125992204379 2.670259633879356
-0.3686184416553193 1.210552853575296 2.074792600293337 -2.73593730754025
2.417722148008617 2.296179040949038 1.292106886984226 -0.777223437238704
-1.25756902073663 -1.085626430513026 -0.979361122214858 3.110019655178942
0.4333340612414025 0.3740811956735155 -1.085626168654788 3.447482519780723
-2.670263183885661 1.756580456881515 0.979351852067142 -1.488766143149974
-0.979360101907629 3.216288083068057 0.873086805627211 -1.151303278548188
2.842202250494629 -1.210552556925421 1.756587000561069 -0.873089935524776
1.151299168516609 -2.670260183111974 1.862852047000999 -1.210552800126562
-2.46812347999219 -2.130661659328818 -0.4990134143490902 1.58463498797903
-3.341216488526883 -0.3740811998599466 0.7115377779625831 -1.257570942368559
1.958718260308244 1.690902519664969 -0.7772189177449116 2.4681242374474
1.08562525177356 3.447482979133844 0.4333322745667605 -0.3740816929001834
-0.979361064615278 -3.110019178155258 1.257570927498864 -1.08562564025636
3.447480675685154 0.7115450008385387 0.979365424103043 -0.2021363907879847
-3.34121211204566 -0.374081346814591 -0.7115527792541879 1.257574038564182
-0.5548715223817283 0.7115448405591513 -1.494238492563296 3.216287908865719
-2.645541311992643 2.361856713141223 0.22780912338357 -0.873087675026657
0.1407992776712911 3.447482900514959 -0.554876589925539 1.085626195274888
1.846974670923726 -2.842206571733067 1.266425893342861 -0.5460282749863569
2.27692287033733 -1.151303859565928 1.846983476909768 -1.862849632513593
0.7115449235774137 -3.44748297654649 0.202136662751933 0.979357324767182
1.837163923044037 0.979357795576459 1.722056148956599 -2.468125746350882
-1.488762415376911 0.979357518826438 -1.756584341847955 2.670260628235388
-2.361855423911602 2.73593797829531 -0.5460331495362801 -0.1719453021122015
-0.6956708000530164 -2.73593805995581 -0.939361902637753 2.130661713590829
-2.735938658322406 -2.361856552807251 0.1719404569558938 -0.5460263848665909
2.786340589663932 1.08562618737374 -0.7826857133091045 1.958713870301542
0.87309300853469 -1.756580459468872 -1.210551192311674 2.842205930347583
-2.786340589663935 -1.085626187373743 0.7826857133091103 -1.958713870301544
2.735938658322406 2.361856552807249 -0.1719404569558878 0.5460263848665885
-0.873093008534689 1.756580459468873 1.210551192311679 -2.842205930347594
0.6956708000530233 2.735938059955812 0.93936190263776 -2.130661713590836
1.488762415376918 -0.979357518826443 1.756584341847959 -2.67026062823539
2.36185542391161 -2.735937978295315 0.5460331495362776 0.1719453021122017
-1.837163923044032 -0.979357795576464 -1.722056148956597 2.46812574635088
-0.7115449235774119 3.447482976546491 -0.2021366627519314 -0.979357324767186
-2.276922870337316 1.151303859565921 -1.846983476909763 1.86284963251359
-1.846974670923721 2.842206571733062 -1.26642589334286 0.5460282749863627
-0.1407992776712863 -3.447482900514968 0.5548765899255407 -1.085626195274887
3.341212112045656 0.3740813468145903 0.7115527792541918 -1.25757403856418
0.5548715223817339 -0.7115448405591529 1.494238492563304 -3.216287908865728
2.645541311992647 -2.361856713141218 -0.2278091233835706 0.873087675026653
-3.447480675685158 -0.7115450008385369 -0.97936542410304 0.2021363907879861
0.979361064615278 3.110019178155251 -1.25757092749886 1.085625640256356
-1.085625251773554 -3.447482979133846 -0.4333322745667568 0.3740816929001803
3.34121648852688 0.3740811998599455 -0.711537777962577 1.257570942368559
-1.958718260308247 -1.690902519664977 0.777218917744916 -2.468124237447406
2.468123479992195 2.130661659328815 0.4990134143490943 -1.58463498797903
-2.842202250494635 1.210552556925427 -1.756587000561067 0.87308993552478
-1.151299168516601 2.670260183111967 -1.862852047000996 1.210552800126562
2.670263183885658 -1.756580456881511 -0.979351852067135 1.488766143149974
0.979360101907632 -3.21628808306806 -0.873086805627213 1.151303278548187
-0.4333340612413991 -0.3740811956735161 1.085626168654793 -3.447482519780732
1.257569020736637 1.085626430513024 0.979361122214863 -3.110019655178945
-2.41772214800861 -2.296179040949041 -1.29210688698422 0.7772234372387048
0.3686184416553246 -1.210552853575299 -2.074792600293329 2.735937307540239
1.494237441121944 3.216287918547655 -0.5548731140886677 -0.7115457635778202
-1.292103148541992 2.130661731173913 0.2278125992204403 -2.670259633879363
3.569030837868668 -0.3740814618731169 -0.5707395673338596 0.4333282085845669
-0.939362940440996 -2.130661532120798 0.6956725193092302 -2.735937407799184
-0.3429264819220925 2.236930122971188 -2.276929263045264 1.756579982773064
-3.129267071586026 1.151303935597452 -1.494243549736159 -0.2021338875284802
-2.074792687787305 -2.735937936934222 -0.3686167112816986 -1.210551808045635
2.433601090522362 -0.97935786668654 -1.635028797924789 1.958713808338107
3.129271890575382 1.756580193269267 -0.69566689528703 -0.1719479052527253
-1.379121887734286 0.0000001230215897866926 0.5707451913560591 -3.341213521636471
-2.236924420290159 -0.7772227960218794 -2.296184321567755 1.584634493026746
0.4990142380322462 1.584633756785369 -2.468124778523645 2.130660877893335
-3.110017428824851 0.979357663446992 -1.085633129256081 -1.257571437320841
-0.3740787705024421 3.341214216254243 -1.257573586211972 -0.7115450524542501
1.958721166522906 -0.1062689049128003 -2.130657733126066 2.236928918804546
-0.777217491799496 -2.468125457720051 -1.958717276170176 1.690902533937948
-2.18991165494853 0.3740814296744884 -0.000004301888181679203 -2.907883264390959
0.5460270033738799 2.735937982481738 -0.1719447588440711 -2.36185687952437
3.447483581899823 -1.085626423739236 -0.374073391278116 -0.4333317094308446
0.7115449235774205 -3.447482976546496 -0.2021329343222266 -0.979358094297433
0.1719437689630774 -2.361856548620823 0.5460288476480998 -2.73593796227876
2.907882427285488 0.000000004186427170205231 0.37408839069221 -2.189911577412168
1.292107967531351 0.777222397692806 -2.417723044243626 2.296177841098157
-3.216285810778317 -0.979357672554873 -1.151310957600536 -0.873087775285585
1.72205616694495 2.468125109859938 -1.83716546067672 0.97935648357093
-2.78633761136472 0.7115450396122696 -0.5707533740336322 -2.189909132812823
2.988472612904094 -1.690902707245691 -0.1407903053614945 -1.257574100527611
1.266419424258364 -2.361856590119635 0.3429360679724902 -2.468125846609816
-0.1719390666089711 -0.5460278999560897 -2.735938852628206 2.361856078674747
-1.584633229758004 2.29617898743845 -0.7772258783462082 -2.236929719654164
2.236929122644265 -2.130661652555032 0.1062743165876546 -1.958716376630752
-0.5707444987856753 -3.341214385696093 -1.379120080984104 -0.0000001002589385089292
1.151308689860063 -2.670260502822159 -1.862846454318094 1.21055164582327
2.276927689326682 1.756580269300791 -0.3429269681134248 -2.236931425294794
0.5548745006809465 1.085626386426858 0.1407994052205586 -3.447483171377002
2.189908950134387 -0.3740813388515297 0.000005624022195394041 -2.9078853130519
1.494238150081368 -3.110019398807337 -0.939356278615568 -0.7772235994610705
-2.130657326917216 -2.236930419621065 -1.95871993488329 -0.1062681587726533
2.29618441338322 1.58463375937273 -2.236925438279111 0.7772210906957202
-2.670258481531562 -1.151303991695395 -1.210558152912967 -1.862848026753982
1.756583258768879 2.67026018729839 -1.488763656308786 -0.979358777285603
3.216290187259534 0.979357525600219 -1.151296610911211 -0.873090736374394
-1.210551553040897 -2.842206653393571 -0.873091107515392 -1.756579985842773
-2.417719169709392 -0.4990078139630317 -2.645545974326963 0.5460281747274297
-0.6956659810636607 0.1719460689109055 -3.129272347660952 1.756579920809633
0.000004818989357557868 2.907884128866714 -2.18991044502319 -0.3740817927812008
-1.722048369656377 2.236930245992784 -1.706184071689207 -1.58463353886341
-0.7826847202559525 -1.958715539241416 -2.786339755525328 1.08562603305252
0.3429342792106664 2.468125232881538 -1.266420269320666 -2.361857038065545
-1.15129626230194 0.873088758534191 -3.216290862382154 0.979357481483703
-1.69089741691628 1.958715186459861 -2.468129080411829 -0.7772223864976224
1.210559161609661 -1.862849219761118 -2.670257712845873 1.151302783595899
-0.2021350015393699 0.979357667633421 -0.7115447385638747 -3.447483014733011
1.257571926951293 -0.7115449940647448 -0.3740776931662932 -3.341214973821804
2.130664935485986 -2.468125453533621 -1.584628885477976 -0.4990090434742111
2.645546130981995 0.5460274157254911 -2.417719568406757 0.4990058822454579
-1.862847647327669 -1.210552654522183 -1.151307481763669 -2.670259734138294
-1.494229643833364 1.48876743730507 -2.988476418277261 0.1062687082853395
-2.361850721557498 -0.1719464702816038 -2.735943154516385 -0.5460271857162079
0.3740879367649059 2.18991008252565 -2.907883611472279 -0.000000800849616844346
2.558527391789712 -1.584634192426822 -2.074786976271138 -0.1719480055116569
2.988475591203308 0.1062685197403162 -1.494229392704233 -1.488769363038889
0.2021350015393746 -0.979357667633431 -0.7115436793951279 -3.447483233340427
-0.2278131978742223 -2.67026037980057 -1.292101262962034 -2.1306618758132
0.000004702354103519601 -2.90788444857691 -2.189910004980108 -0.374081883604011
2.735943360676509 -0.5460278957696552 -2.361850461935997 0.1719445012625758
1.86285035214182 1.210552563699215 -1.151299269624323 -2.67026142908501
-0.87308830618059 -1.151303989108038 -0.979358812668434 -3.216287813951601
1.846982468212292 1.862848784119663 -2.276923639023072 -1.151305330278833
-1.635028921504658 -1.958715463209892 -2.433599828351723 -0.979357486989548
1.151311668159275 -0.873089275836146 -3.216285541660834 0.979356383311991
-0.939358121451638 0.7772225967459231 -1.494237925713966 -3.110019200580387
-2.074787868797946 0.1719461919324945 -2.558527156304892 -1.584633600826835
0.7115527208659889 1.257572379306238 -3.341212869614 0.374080269474703
0.97936576696938 0.2021347295783476 -3.447480932478968 0.711543756652347
-0.7115373150086532 -1.257572896608195 -3.34121588603904 0.3740808920505617
-1.584630323543343 0.499007562860675 -2.130664693727364 -2.468125038297025
0.1062727584346905 1.958715189047218 -2.236929740167294 -2.130662173695239
2.468128182346298 -0.7772227892480902 -1.690896590631013 -1.95871687158304
0.7772251003682655 -2.236930415434636 -1.584631544191085 -2.296179736184824
1.706183190541007 -1.584634116395297 -1.72204704909753 -2.236931525553731
1.266424243247715 0.546027538747087 -1.846974377050699 -2.842207639391017
0.5707534431946942 -2.189910521208724 -2.786336279688461 -0.711545925800186
1.756586164983544 0.873088762720622 -2.842202471689943 -1.210554095928466
-0.979352493338865 -1.488767790086629 -2.670262014734058 -1.756580480795056
-0.1407914803827174 1.257572455337765 -2.988472942440394 -1.690903250567368
-0.5707396797963169 -0.4333302568293745 -3.569030526007302 -0.374081893040139
-0.3740740681483427 0.4333297676773327 -3.447483591192081 -1.085626936058261
0.5460317057279807 -0.1719464660951693 -2.361854763824178 -2.735938763128379
1.08563286034232 -1.257572894020836 -3.110016545794505 -0.979358895147055
1.494242969070721 -0.2021352699406187 -3.129266723638756 -1.151305392242273
-0.2278102195750099 -0.873089152814558 -2.645540350304772 -2.361857138324478