4OFF
# Vertices for 5{4}2 , 4D real representation
25

# Vertices.  Each line is the XYZW coordinates of one vertex.
2.61803 1. 1.90211 3.07768
2.61803 -2.61803 1.90211 1.90211
2.61803 1. -1.90211 3.07768
2.61803 -2.61803 -1.90211 1.90211
2.61803 3.23607 1.90211 0
2.61803 -2.61803 -1.90211 -1.90211
2.61803 -2.61803 1.90211 -1.90211
2.61803 3.23607 -1.90211 0
2.61803 1. 1.90211 -3.07768
2.61803 1. -1.90211 -3.07768
-1. 1. 3.07768 3.07768
-1. -2.61803 3.07768 1.90211
-1. 1. -3.07768 3.07768
-1. -2.61803 -3.07768 1.90211
-1. 3.23607 3.07768 0
-1. -2.61803 -3.07768 -1.90211
-1. 3.23607 -3.07768 0
-1. -2.61803 3.07768 -1.90211
-3.23607 1. 0 3.07768
-3.23607 -2.61803 0 1.90211
-1. 1. 3.07768 -3.07768
-1. 1. -3.07768 -3.07768
-3.23607 3.23607 0 0
-3.23607 -2.61803 0 -1.90211
-3.23607 1. 0 -3.07768