4OFF
# Vertices for 2{6}3 , 4D real representation
16

# Vertices.  Each line is the XYZW coordinates of one vertex.
1. 5.18658 3.18658 -4.79684
1.73205 5.18658 5.18658 2.06479
5.18658 2.06479 -1.73205 -5.18658
5.18658 -1. 4.79684 3.18658
4.79684 3.18658 -5.18658 1.
-5.18658 1.73205 2.06479 -5.18658
-3.18658 4.79684 1. 5.18658
3.18658 -4.79684 -1. -5.18658
-2.06479 5.18658 -5.18658 1.73205
2.06479 -5.18658 5.18658 -1.73205
5.18658 -1.73205 -2.06479 5.18658
-4.79684 -3.18658 5.18658 -1.
-5.18658 1. -4.79684 -3.18658
-1.73205 -5.18658 -5.18658 -2.06479
-5.18658 -2.06479 1.73205 5.18658
-1. -5.18658 -3.18658 4.79684