4OFF
# Vertices for 3{4}4 , 4D real representation
72

# Vertices.  Each line is the XYZW coordinates of one vertex.
1.73205 1. 3.73205 1.
1. -1.73205 2.73205 2.73205
3.73205 -1. 1.73205 1.
0 -2. 3.73205 1.
1. 1.73205 2.73205 2.73205
2. 0 3.73205 -1.
1.73205 -1. 1. 3.73205
2.73205 -2.73205 2. 0
3.73205 1. 1. 1.73205
-2. 0 2.73205 2.73205
-1.73205 1. 3.73205 1.
-1. -1.73205 3.73205 -1.
0 2. 1. 3.73205
1.73205 -1. 2.73205 -2.73205
1. -3.73205 1.73205 -1.
1. -3.73205 0 2.
2.73205 2.73205 1.73205 -1.
2.73205 2.73205 0 2.
2. 0 -1. 3.73205
3.73205 1. 1. -1.73205
2.73205 -2.73205 -1. 1.73205
-1. 1.73205 3.73205 -1.
-1.73205 -1. 1. 3.73205
-1. -3.73205 1. 1.73205
1. 3.73205 2. 0
3.73205 -1. 0 -2.
3.73205 -1. -1.73205 1.
-2.73205 -2.73205 1.73205 1.
-1. 3.73205 1.73205 1.
0 2. 2.73205 -2.73205
-1. -1.73205 -1. 3.73205
2.73205 -2.73205 -1. -1.73205
3.73205 1. -2. 0
-1.73205 -1. 2.73205 -2.73205
-1. 1.73205 -1. 3.73205
-1. -3.73205 1. -1.73205
1. 3.73205 -1. 1.73205
1. -1.73205 1. -3.73205
1.73205 1. -2.73205 2.73205
-3.73205 -1. 2. 0
-2.73205 2.73205 1. 1.73205
1. 1.73205 1. -3.73205
0 -2. -2.73205 2.73205
1. -3.73205 -1.73205 -1.
2.73205 2.73205 -1.73205 -1.
-3.73205 1. 1.73205 -1.
-3.73205 1. 0 2.
-1. -3.73205 -2. 0
1. 3.73205 -1. -1.73205
1.73205 1. -1. -3.73205
1. -1.73205 -3.73205 1.
-3.73205 -1. -1. 1.73205
-2.73205 2.73205 1. -1.73205
-2. 0 1. -3.73205
-2.73205 -2.73205 0 -2.
-2.73205 -2.73205 -1.73205 1.
-1. 3.73205 0 -2.
-1. 3.73205 -1.73205 1.
-1.73205 1. -2.73205 2.73205
0 -2. -1. -3.73205
1. 1.73205 -3.73205 1.
2. 0 -2.73205 -2.73205
1.73205 -1. -3.73205 -1.
-2.73205 2.73205 -2. 0
-3.73205 -1. -1. -1.73205
-1.73205 1. -1. -3.73205
-2. 0 -3.73205 1.
-1. -1.73205 -2.73205 -2.73205
0 2. -3.73205 -1.
-3.73205 1. -1.73205 -1.
-1. 1.73205 -2.73205 -2.73205
-1.73205 -1. -3.73205 -1.