4OFF
# Vertices for 3{6}2 , 4D real representation
24

# Vertices.  Each line is the XYZW coordinates of one vertex.
-1.366025351966837 -1.366025435698737 -1.000000027188417 0.0000000267827687805422
-0.499999964049691 -0.866025371869246 -1.366025421034633 1.366025419926391
-0.4999999297565317 -1.866025403784198 -0.00000003552782448667344 1.00000003512218
-0.86602538535857 -0.5000000319145381 -1.36602541372266 -1.36602539384622
-0.5000000278787676 0.866025435699629 -1.366025389119682 1.366025388011441
-1.866025386835764 -0.5000000871923809 -0.00000001156389428658144 -0.999999988030466
1.00000000403577 0.0000000871927947621032 -1.366025402861364 1.366025401753123
0.5000000672890787 -1.866025403784676 0.999999966355017 0.00000003405062898309552
0.00000003685173427525612 -1. 1.366025384804212 1.366025422764666
0.866025422210305 -0.4999999680854599 -1.366025411164081 -1.366025396404797
-1.366025452647648 1.366025371870136 0.00000002274699606452657 0.999999976847358
1.866025423687498 -0.4999999128076182 -1.000000006456567 0.000000006050924206135733
-1.866025423687499 0.4999999128076181 1.000000006456566 -0.00000000605092587147027
1.366025452647648 -1.366025371870136 -0.00000002274699681392711 -0.999999976847358
-0.866025422210305 0.4999999680854604 1.366025411164081 1.366025396404797
-0.00000003685173466383418 0.999999999999998 -1.36602538480421 -1.366025422764666
-0.5000000672890783 1.866025403784673 -0.999999966355016 -0.0000000340506300378074
-1.000000004035769 -0.0000000871927955392593 1.366025402861362 -1.366025401753123
1.866025386835764 0.5000000871923797 0.00000001156389339840302 0.999999988030464
0.5000000278787676 -0.86602543569963 1.366025389119682 -1.36602538801144
0.86602538535857 0.5000000319145384 1.36602541372266 1.366025393846219
0.4999999297565311 1.866025403784196 0.00000003552782404258423 -1.000000035122179
0.4999999640496905 0.866025371869245 1.366025421034632 -1.366025419926391
1.366025351966836 1.366025435698736 1.000000027188415 -0.00000002678276944667601