4OFF
# Vertices for 3{4}5 , 4D real representation
360

# Vertices.  Each line is the XYZW coordinates of one vertex.
183582. -203888. 28679.3 -88262.8
221962. -161264. 46402.4 -80371.6
137180. -237602. 9702.72 -92296.4
250640. -111591. 62097.6 -68967.8
183583. -203887. 62099.9 68967.6
221960. -161266. -92805. 0
84781.4 -260931. -9697.9 -92296.3
268364. -57041.4 75078.7 -54549.8
183581. -203890. -90775.9 19295.5
221962. -161263. 46402.7 80371.4
137180. -237601. 75083. 54549.5
250638. -111593. -90778.1 -19295.2
131186. -180557. 175560. -57042.6
193282. -111593. -75081.5 -168634.
165857. -149341. -108501. -149339.
165860. -149336. 183582. -19295.5
137180. -123516. 90777.1 -203889.
90778.6 -203886. 159864. -92296.7
212260. -68968.4 -38380.6 -180560.
137179. -237603. -84779.4 37747.6
250640. -111591. 28677.5 88262.7
108501. -149339. 46403.2 -218307.
159864. -92294.9 131183. -180560.
84782.6 -260930. 84784.7 37747.4
268363. -57043.8 -84783.7 -37747.3
131183. -180562. -137178. -123517.
193285. -111589. 183582. 19294.9
46403.9 -218305. 137182. -123517.
221961. -23329.3 -2.34136 -184593.
75080.6 -168635. 1.3675 -223184.
175560. -57040.2 165857. -149339.
28677.9 -272857. -28674.7 -88262.4
274360. 1.21942 84778.6 -37747.7
84780.9 -260932. -75077.7 54549.9
268364. -57042.2 9698.89 92296.4
28679.3 -272855. 90780.8 19295.5
90775.2 -203891. -159861. -92296.1
274358. -1.21755 -75083.9 -54549.6
212262. -68964.8 175557. 57042.
38378.4 -180560. -46400.6 -218306.
1. -223182. 108504. -149339.
221961. 23329.3 38376.1 -180560.
183584. -19292.5 193281. -111592.
28677.7 -272857. -62094.8 68968.1
274359. 0 -9703.57 92296.3
-28678.9 -272857. -46398.2 -80371.
268365. 57043.8 90773.2 -19295.8
46400.6 -218309. -175556. -57041.9
221963. -23326.5 159861. 92296.2
165857. -149340. -75080.1 168635.
-28677.3 -272855. 92809.4 0
268363. 57041.4 -62102.5 -68967.9
131184. -180560. -38377.5 180560.
193282. -111593. -108501. 149339.
-1.20743 -184595. -90774.6 -203888.
183584. 19298.3 212258. -68968.2
75083.1 -168631. 193285. 111592.
175556. -57045.8 -212262. -68967.3
159860. -92300. -221962. -23328.7
108503. -149336. 165859. 149339.
-46401.9 -218306. 75084.4 -168634.
212261. 68968.4 75077.2 -168635.
90777.2 -203888. 2.40011 184593.
212259. -68969.4 -137181. 123517.
38381.5 -180556. 212263. 68967.5
183580. -19298.3 -193285. -111592.
137177. -123520. -221961. 23329.5
137181. -123515. 131185. 180559.
28680.5 -88259.7 221962. -161264.
90776.4 -19296.1 -28679.5 -272856.
46405.1 -80367.9 250640. -111592.
84780.4 -37748.9 -84782.4 -260931.
2.41684 -184590. 221964. 23329.
183580. 19292.5 -165860. -149339.
46403.1 -218306. 38382.2 180560.
108499. -149342. -212259. 68968.
221960. -23331.3 -159864. 92296.7
159864. -92294.9 90777. 203888.
9702.51 -92294.2 183583. -203889.
92805. 0 28676.9 -272856.
-28678.7 -272857. -46398. 80372.1
268363. 57042.2 -28681.9 88262.5
75079.1 -54551.9 -137180. -237602.
62101.5 -68963.6 268364. -57042.9
-1.99761 -223187. -183579. -19294.6
221963. 23331.3 137177. 123516.
-9699.56 -92294.9 137181. -237602.
90777.6 19296.1 84779.9 -260931.
-84780.7 -260930. 90781.8 -19294.9
250639. 111591. -46407. -80371.9
-38380.7 -180562. -131181. -180559.
-38376.7 -180556. 221964. -23329.1
62096.5 -68970.7 -183582. -203888.
75083.8 -54545.3 274359. 0
175557. 57040.2 -131187. -180560.
175561. 57045.8 221958. -23329.7
-84782.4 -260932. -62093.9 -68967.
250640. 111593. 92800.6 0
75078.9 -168637. -193281. 111592.
175559. -57041.4 46401.8 218306.
1. -223182. 75084.5 168635.
221959. 23326.5 -175561. 57042.5
-90776.8 -203888. 38382.9 -180559.
193284. 111593. 108497. -149340.
-28677.7 -88262. 84782.8 -260931.
84782.8 37748.9 137178. -237602.
46399.9 -80375.1 -221961. -161264.
84784.6 -37743.1 268363. 57042.
-75078.6 -168631. 212264. -68967.6
159861. 92294.9 -90780.5 -203889.
38377.5 -180562. -165855. 149340.
183582. -19294.9 -1.31891 223184.
-46402.5 -80371.5 28679.6 -272856.
75082.6 54551.9 183580. -203889.
-46404.5 -218309. -183578. 19295.9
-84781.8 -260931. -28673.3 88263.4
-46401.2 -218305. 108505. 149339.
212258. 68964.8 -183585. 19295.2
250639. 111591. -46406.8 80371.1
212262. 68969.4 108498. 149339.
28675.5 -88266.8 -250639. -111591.
90779.8 -19291.3 250639. 111591.
-137179. -237601. 84786.6 -37746.8
-75082.8 -168637. -165855. -149338.
159865. 92300. 221958. 23328.4
221961. 161264. -28683.3 -88263.3
-131184. -180560. 3.8315 -184593.
165859. 149341. 137175. -123518.
-108499. -149336. 193286. -111592.
137179. 123516. -46406.2 -218307.
-1.20743 -184595. -131181. 180560.
183582. 19294.9 -46404.4 218306.
-62099.3 -68968.4 -28677.1 -272856.
62100.9 68970.7 221959. -161265.
-137180. -237603. -75075.9 -54548.8
221962. 161266. 90772.2 19294.6
-90775.4 -203886. 137184. 123517.
92807.6 3.60252 221960. 161264.
9697.81 -92300.8 -268362. -57041.9
193281. 111589. -183586. -19295.3
-90778.8 -203891. -175554. 57043.2
193284. 111593. 75077.4 168634.
-137178. -123515. 165861. -149339.
-75082.1 -54551.1 -84780.4 -260931.
46405.1 80375.1 250638. -111592.
108501. 149339. -3.78661 -223184.
-137180. -237602. -9695.56 92297.2
221961. 161263. -62103.4 68967.2
-38379.8 -180560. -90773.5 203889.
175558. 57041.4 -90779.4 203888.
-108503. -149342. -193280. -111591.
137182. 123520. 212257. 68966.9
90779.2 19298.3 183581. 203888.
-9703.72 -92300.8 -274358. 0
-183581. -203887. 75085.8 -54549.
183582. 203888. -9705.97 -92297.1
75079.6 -54551.1 -137179. 237602.
62098.1 -68968.4 -84780.8 260931.
84779.9 -37749.6 -183582. 203889.
46402.5 -80371.5 -28677.2 272856.
-131182. -180557. 159867. 92296.8
165856. 149336. -175563. -57042.6
28678.9 -88262. 28679.8 272856.
90774.8 -19298.3 -221962. 161264.
-165858. -149340. -38375.4 -180559.
131186. 180562. 159858. -92297.3
9701.98 -92294.9 84783.3 260931.
92802.5 -3.60189 -250640. 111592.
-9699.02 -92294.2 137181. 237602.
90774.2 19291.3 -268365. 57042.8
-28676.1 -88259.7 183584. 203888.
84778.7 37743.1 -274361. 0
-84783.4 -37749.6 -137178. -237602.
28681.2 88266.8 268362. -57043.1
-46399.9 -80367.9 221963. 161264.
75077.9 54545.3 -268365. -57042.2
-159861. -92294.9 131187. -180559.
75081.1 168635. 46398.8 -218307.
-183583. -203890. -84776.6 -37746.5
-62095.9 -68963.6 250641. 111592.
62095.9 68963.6 -250641. -111592.
183583. 203890. 84776.6 37746.5
-75081.1 -168635. -46398.8 218307.
159861. 92294.9 -131187. 180559.
-75077.9 -54545.3 268365. 57042.2
46399.9 80367.9 -221963. -161264.
-28681.2 -88266.8 -268362. 57043.1
84783.4 37749.6 137178. 237602.
-84778.7 -37743.1 274361. 0
28676.1 88259.7 -183584. -203888.
-90774.2 -19291.3 268365. -57042.8
9699.02 92294.2 -137181. -237602.
-92802.5 3.60189 250640. -111592.
-9701.98 92294.9 -84783.3 -260931.
-131186. -180562. -159858. 92297.3
165858. 149340. 38375.4 180559.
-90774.8 19298.3 221962. -161264.
-28678.9 88262. -28679.8 -272856.
-165856. -149336. 175563. 57042.6
131182. 180557. -159867. -92296.8
-84779.9 37749.6 183582. -203889.
-46402.5 80371.5 28677.2 -272856.
-75079.6 54551.1 137179. -237602.
-62098.1 68968.4 84780.8 -260931.
-183582. -203888. 9705.97 92297.1
183581. 203887. -75085.8 54549.
-90779.2 -19298.3 -183581. -203888.
9703.72 92300.8 274358. 0
-137182. -123520. -212257. -68966.9
108503. 149342. 193280. 111591.
-175558. -57041.4 90779.4 -203888.
38379.8 180560. 90773.5 -203889.
-221961. -161263. 62103.4 -68967.2
137180. 237602. 9695.56 -92297.2
-46405.1 -80375.1 -250638. 111592.
-108501. -149339. 3.78661 223184.
75082.1 54551.1 84780.4 260931.
137178. 123515. -165861. 149339.
-193284. -111593. -75077.4 -168634.
90778.8 203891. 175554. -57043.2
-193281. -111589. 183586. 19295.3
-92807.6 -3.60252 -221960. -161264.
-9697.81 92300.8 268362. 57041.9
90775.4 203886. -137184. -123517.
-221962. -161266. -90772.2 -19294.6
137180. 237603. 75075.9 54548.8
-62100.9 -68970.7 -221959. 161265.
62099.3 68968.4 28677.1 272856.
-183582. -19294.9 46404.4 -218306.
1.20743 184595. 131181. -180560.
-137179. -123516. 46406.2 218307.
108499. 149336. -193286. 111592.
-165859. -149341. -137175. 123518.
131184. 180560. -3.8315 184593.
-221961. -161264. 28683.3 88263.3
-159865. -92300. -221958. -23328.4
75082.8 168637. 165855. 149338.
137179. 237601. -84786.6 37746.8
-28675.5 88266.8 250639. 111591.
-90779.8 19291.3 -250639. -111591.
-250639. -111591. 46406.8 -80371.1
-212262. -68969.4 -108498. -149339.
-212258. -68964.8 183585. -19295.2
46404.5 218309. 183578. -19295.9
84781.8 260931. 28673.3 -88263.4
46401.2 218305. -108505. -149339.
-75082.6 -54551.9 -183580. 203889.
46402.5 80371.5 -28679.6 272856.
-183582. 19294.9 1.31891 -223184.
-38377.5 180562. 165855. -149340.
-159861. -92294.9 90780.5 203889.
75078.6 168631. -212264. 68967.6
-46399.9 80375.1 221961. 161264.
-84784.6 37743.1 -268363. -57042.
28677.7 88262. -84782.8 260931.
-84782.8 -37748.9 -137178. 237602.
-193284. -111593. -108497. 149340.
90776.8 203888. -38382.9 180559.
-221959. -23326.5 175561. -57042.5
-1. 223182. -75084.5 -168635.
-175559. 57041.4 -46401.8 -218306.
-75078.9 168637. 193281. -111592.
-250640. -111593. -92800.6 0
84782.4 260932. 62093.9 68967.
-62096.5 68970.7 183582. 203888.
-175561. -57045.8 -221958. 23329.7
-175557. -57040.2 131187. 180560.
-75083.8 54545.3 -274359. 0
38380.7 180562. 131181. 180559.
38376.7 180556. -221964. 23329.1
-250639. -111591. 46407. 80371.9
84780.7 260930. -90781.8 19294.9
-90777.6 -19296.1 -84779.9 260931.
9699.56 92294.9 -137181. 237602.
-221963. -23331.3 -137177. -123516.
1.99761 223187. 183579. 19294.6
-75079.1 54551.9 137180. 237602.
-62101.5 68963.6 -268364. 57042.9
-268363. -57042.2 28681.9 -88262.5
28678.7 272857. 46398. -80372.1
-9702.51 92294.2 -183583. 203889.
-92805. 0 -28676.9 272856.
-221960. 23331.3 159864. -92296.7
-159864. 92294.9 -90777. -203888.
-108499. 149342. 212259. -68968.
-46403.1 218306. -38382.2 -180560.
-183580. -19292.5 165860. 149339.
-2.41684 184590. -221964. -23329.
-84780.4 37748.9 84782.4 260931.
-46405.1 80367.9 -250640. 111592.
-90776.4 19296.1 28679.5 272856.
-28680.5 88259.7 -221962. 161264.
-137177. 123520. 221961. -23329.5
-137181. 123515. -131185. -180559.
-183580. 19298.3 193285. 111592.
-38381.5 180556. -212263. -68967.5
-212259. 68969.4 137181. -123517.
-90777.2 203888. -2.40011 -184593.
-212261. -68968.4 -75077.2 168635.
46401.9 218306. -75084.4 168634.
-159860. 92300. 221962. 23328.7
-108503. 149336. -165859. -149339.
-175556. 57045.8 212262. 68967.3
-75083.1 168631. -193285. -111592.
-183584. -19298.3 -212258. 68968.2
1.20743 184595. 90774.6 203888.
-193282. 111593. 108501. -149339.
-131184. 180560. 38377.5 -180560.
-268363. -57041.4 62102.5 68967.9
28677.3 272855. -92809.4 0
-165857. 149340. 75080.1 -168635.
-221963. 23326.5 -159861. -92296.2
-46400.6 218309. 175556. 57041.9
-268365. -57043.8 -90773.2 19295.8
28678.9 272857. 46398.2 80371.
-274359. 0 9703.57 -92296.3
-28677.7 272857. 62094.8 -68968.1
-183584. 19292.5 -193281. 111592.
-221961. -23329.3 -38376.1 180560.
-38378.4 180560. 46400.6 218306.
-1. 223182. -108504. 149339.
-90775.2 203891. 159861. 92296.1
-212262. 68964.8 -175557. -57042.
-274358. 1.21755 75083.9 54549.6
-28679.3 272855. -90780.8 -19295.5
-268364. 57042.2 -9698.89 -92296.4
-84780.9 260932. 75077.7 -54549.9
-274360. -1.21942 -84778.6 37747.7
-28677.9 272857. 28674.7 88262.4
-175560. 57040.2 -165857. 149339.
-75080.6 168635. -1.3675 223184.
-221961. 23329.3 2.34136 184593.
-46403.9 218305. -137182. 123517.
-131183. 180562. 137178. 123517.
-193285. 111589. -183582. -19294.9
-268363. 57043.8 84783.7 37747.3
-84782.6 260930. -84784.7 -37747.4
-159864. 92294.9 -131183. 180560.
-108501. 149339. -46403.2 218307.
-250640. 111591. -28677.5 -88262.7
-137179. 237603. 84779.4 -37747.6
-90778.6 203886. -159864. 92296.7
-212260. 68968.4 38380.6 180560.
-137180. 123516. -90777.1 203889.
-165860. 149336. -183582. 19295.5
-165857. 149341. 108501. 149339.
-193282. 111593. 75081.5 168634.
-131186. 180557. -175560. 57042.6
-137180. 237601. -75083. -54549.5
-250638. 111593. 90778.1 19295.2
-221962. 161263. -46402.7 -80371.4
-183581. 203890. 90775.9 -19295.5
-268364. 57041.4 -75078.7 54549.8
-84781.4 260931. 9697.9 92296.3
-221960. 161266. 92805. 0
-183583. 203887. -62099.9 -68967.6
-250640. 111591. -62097.6 68967.8
-137180. 237602. -9702.72 92296.4
-221962. 161264. -46402.4 80371.6
-183582. 203888. -28679.3 88262.8