4OFF
# Vertices for 3{4}5 , 4D real representation
360

# Vertices.  Each line is the XYZW coordinates of one vertex.
1.106836132286888 2.142570667139733 -1.737664792796989 -0.951055781051113
0.7144685658322155 1.911179596914501 -2.1969540718264 -0.86602617817311
1.450829648571592 2.280321118016222 -1.202431224081558 -0.994519682625212
0.2908752946501252 1.596260807446903 -2.560225915761732 -0.7431470756542785
0.810704661439384 2.347485211772964 -1.73766740366099 0.7431449689677913
1.947943140130993 1.057636273274867 -2.196953425652754 0.000001690447886948387
1.73141494736066 2.31841059384066 -0.6146456409685889 -0.994518301833683
-0.1454306226827009 1.211577760984696 -2.811603601851292 -0.5877888799140384
2.165291759485677 1.410136726443723 -1.737664775160133 0.2079145411606833
0.7144647886741261 1.911179140215216 -2.196956308000025 0.86602462939014
0.871512850307165 2.681194915092413 -1.202434095528651 0.5877863073963459
1.645460058284337 0.6589120398619846 -2.560224669292178 -0.2079112341455941
-0.3704672512387501 2.789048765798291 -1.202434091388143 -0.6146499587948785
1.469623260598494 0.7020293429554019 -1.945574485528544 -1.817081041951113
1.978350196291244 0.804348007004161 -1.6091659818405 -1.609167780428904
-0.6097152532119106 2.595239359273748 -1.609171492688631 -0.2079144136795423
0.03676683886104892 1.77210111188105 -1.330927734484099 -2.196956652424318
-0.1150280526873476 2.860963357916613 -0.7431445503750616 -0.994522351293144
0.896666736382776 0.5690286279089514 -2.196952048296809 -1.945579142617825
2.288006738728198 1.701007438080235 -1.20243183575231 0.4067405287400977
0.5869993762613808 1.391345369375058 -2.560227679513458 0.951054857860906
0.5690350471485381 1.701008177037929 -0.994518680424141 -2.352314649292166
-0.4971082567115355 1.765744724650396 -1.609168860047257 -1.94558110767787
0.894231745633882 2.897723534821682 -0.6146486475027608 0.4067385636800483
1.27106247609727 0.2313901884963702 -2.811601809562537 -0.4067374401381207
2.400613735228574 0.871512803456877 -1.202429203110943 -1.330926165258238
-0.822315772881325 2.288005539408821 -1.945580378097097 0.207907988997638
0.145438423732327 2.807840122868644 -0.2513760265073945 -1.330929344792184
0.2845215731027543 0.4111586313205771 -2.352312264408943 -1.989046098827609
1.076433693342533 1.555573022515414 -0.6146443877995487 -2.404865208327918
-1.009257336075754 1.682216819969264 -1.817081584777461 -1.609174332591941
1.936329104699363 2.255174401745935 0.000002906051723094993 -0.951051699023739
-0.5753805239507384 0.7739429525723283 -2.940100718969004 -0.4067414895975788
2.310724844413854 1.917535962333357 -0.6146468552140016 0.587790003455969
0.4338792743704927 0.810703129477393 -2.81160481609671 0.994519425375613
0.877868422676407 2.987607731259011 -0.000000104169554038247 0.2079143929827602
2.717958934513652 0.900588308416114 -0.7431404983099599 -0.994516690173475
0.841113364470292 -0.2062445244398504 -2.940098459192668 -0.5877872682538312
-0.998977147366951 1.880774898403038 -2.196958065052264 0.6146438149024038
1.536787021835518 1.342151862441447 -0.2079071860371131 -2.352311617936144
0.3995485431439113 2.632000800939543 0.2513788359546505 -1.609168339416238
-0.3400585482078412 0.2353190295854843 -2.404865146919817 -1.945582196016498
-1.477297026899445 1.525167968083581 -1.945579124928053 -1.202438917496591
2.232453186310618 2.050258963674089 0.000001142300000069041 0.7431502344914451
0.2617965662058644 0.1946292726363407 -2.940101330639762 0.994518721767731
2.056616388624778 2.093376266767506 0.6146513260636314 -0.866019573314075
-0.980183535340049 0.3024831233422249 -2.940101326499247 -0.2079175444234953
2.916516286146505 0.890303782795398 -0.2513729877490818 -0.6146420635075821
-1.131978426888448 1.391345369377786 -2.352318142390208 0.994516756707681
1.682214948285652 1.009262094938106 -1.609170828878124 1.817083777153254
0.823138037167912 2.946919133707853 0.6146484437163602 0.000003365628176710267
0.3744035627062416 -0.6348653619870181 -2.940098697998395 -0.7431479722306047
1.525165466116643 1.477301145166297 -1.202434685422039 1.945580574782231
1.765743565051663 0.4971134481842687 -1.945578485453896 1.609171699127323
1.929975383151991 1.070072225619604 0.2079165574045104 -2.196950722197072
-1.880771748790001 1.301461957424747 -1.989045521394844 -0.7431511517645472
-0.6361954430840921 2.740674587461531 -0.6146514946135149 1.202432127910485
2.341133547444762 -0.6361937738794583 -1.81707791074568 -0.7431422337656539
2.632002812100723 -0.3995457629219556 -1.609166571733887 -0.2513735130430229
-0.4894317464445859 2.433440767596033 -0.994525308850346 1.609168519593369
0.6361964739734812 2.341130414268295 0.7431472370359915 -1.817078955961408
-0.949776479179795 0.04919485707152072 -2.352313882686997 -1.817087015300283
1.30145893452245 1.880775046473327 -0.7431463762912259 1.989046165361819
1.772100715047229 -0.03676144167020268 -2.196955026293954 1.33093109618701
-0.7551543460563828 2.928127776639188 -0.2079144606369672 0.7431436823284006
1.947945512760312 -0.845037064121998 -1.94557422575068 -1.202432072880647
2.80784092411714 -0.1454356848914786 -1.330926931899408 0.2513814364235328
-0.3212775339313674 2.01985390924225 -1.330933594828511 1.945576525322766
-1.410133265662426 2.165290487569624 -0.2079118254366239 -1.737669493481624
0.4299572461748174 0.07827106472673262 -0.951052219577024 -2.940100576637859
-1.701004791830247 2.288006352031216 -0.4067378608975829 -1.202437217474642
1.035746099763584 -0.1086743123277469 -0.866020476997893 -2.811602703495874
-0.841109380473423 2.987607731261735 0.2079094329536898 0.2513762918295336
1.469622911888602 -1.016948179724686 -1.989039611189438 -1.609169860501511
1.020872402396775 2.202050053289498 -0.2513790045045313 1.945580894012651
2.860962914234024 0.1150306304465998 -0.994519398644937 0.743149810856416
1.701008560312554 -0.5690296801227178 -2.352314090325115 0.994522417827352
-0.139081951524694 1.517989742720178 -1.609173696184707 2.196953500983586
-1.057632149215007 1.947941038584706 0.000000954467545805082 -2.196957274360114
-0.1946228022355576 0.2617956206664141 -0.994518416505763 -2.940101946412927
2.056612611466687 2.093375810068219 0.61464908989001 0.866031234249173
0.07827209185873779 -0.4299508173537895 -2.940101308862395 0.951052777788301
1.596267878731474 -0.2908701004562975 -0.7431394839466456 -2.56022430064448
-1.917534246268501 2.310725359836454 -0.5877875000925195 -0.6146526651300858
2.987607881076895 0.841108709714986 0.251380728597855 -0.2079046292865582
-1.215506817319775 0.841107371294898 -2.404870629230914 1.330924544023962
-0.6589074327647701 1.645457218955471 0.2079136926569039 -2.56022748017843
-0.810696900284422 0.4338784517482096 -0.994519386404366 -2.811606752955334
0.7324325695806479 2.777436029126755 1.202433905201405 -0.2079078088205083
-0.1086694713356929 -1.03573953679335 -2.811602515542764 -0.866029543801286
2.238814559175336 0.7512252977619537 0.6146533495932216 -1.945572537758792
-0.890303898873167 2.916514891895681 0.6146466866641193 -0.2513774488595593
2.087025091655682 -0.4603534694453075 -0.5877797294680461 -2.196951810535696
-2.050258252794633 2.232454581326364 -0.7431480050160555 -0.000004841888620044088
0.927070737734218 -1.144413780014627 -1.945574421148221 -1.945579203564763
-2.20204772031428 1.020875814119101 -1.945581084077323 -0.251384114665527
2.08701966762694 1.840087543797516 1.202436533702263 -0.7431382366276167
-1.342147822792557 -0.1821966698530002 -2.811605397890033 -0.000006604859031103527
2.789047096575667 0.3704695552559568 -0.6146465954361373 1.202438972526434
0.04919217955285815 0.949782140318286 -1.817085185345535 2.352313066498892
0.6956688475970738 2.427084906168414 0.2513748360293064 1.817084401662195
1.555574169147552 -1.076428591046521 -2.404865740953719 0.6146483375606067
0.845039566081025 1.947941394503402 1.202436537842773 -1.945574502818841
-1.517984620478395 -0.1390793667595831 -2.196955214126401 -1.60917641266455
-0.2313852997140557 1.271059023078121 0.4067396047965638 -2.811603459778461
-1.391339653635522 0.5869987125088033 -0.951055086883611 -2.560230852807525
2.486569293417042 -0.6097171827985262 -0.4067311803316222 -1.737661984162083
-2.093376135443009 2.056614825106692 -0.866029376100619 0.6146431929666099
-0.900587864740062 2.717956356762617 0.994520930765297 -0.7431447887906608
0.3440011237618879 -1.221863006611338 -1.817078293000952 -2.196957399507412
2.595236537464134 0.6097171827904672 -0.2079107866051796 1.609175781154695
0.235316376333683 0.3400645008241213 -1.945581332564647 2.404865263357759
0.2062494812440176 0.841109448674368 0.5877890444534479 -2.940098876615909
-1.911174187734358 0.714464312800431 -0.866025116397403 -2.196960579041356
2.928126675471045 0.7551531499326456 0.7431479008464986 0.2079192348713839
1.790888196779432 2.045002088430743 1.202433922838261 0.951062513391288
0.3400612259678857 2.546044502202235 0.743142389998368 1.609172601620744
1.342153722317767 -1.536782407264131 -2.352313218876497 0.207911175532507
-0.1086732484937849 -1.035739993492637 -2.811604751716388 0.866021263761964
-1.245911727185391 0.2541089450054561 -2.352318729724624 1.609164542281864
2.777438485172783 -0.7324333295157999 -0.2079065269019687 -1.202427990853273
-2.045003435839335 1.790891132297011 -0.951061107779574 1.202428370903929
0.6097162841012997 2.486565642456075 1.737667235111109 -0.4067324143713833
2.449806795938545 0.3995462196131796 0.994526840970702 -1.609163497527617
-2.427083639863521 0.6956724990307937 -1.817085417451773 0.2513696145191987
-0.586993128026281 -1.391346923812101 -2.56022581159218 -0.951061468637036
1.016950374201099 1.469617988538834 1.609173592015152 -1.989039108000825
-2.019849549763724 -0.3212751548864468 -1.945579060547732 -1.330937079110242
-0.871511819417777 2.400610086637416 1.33092983795113 -1.202433135447271
-0.2541029900193712 -1.245910956669922 -1.6091671241405 -2.352318014920348
2.288001688338835 0.822317243689385 0.2079117212670656 1.945583886464389
0.4111561182954731 -0.2845155891665785 -1.989046239615645 2.352313308384034
0.6348701701769129 0.3743993552726136 0.7431492823429502 -2.940097864385555
-2.347481238997961 0.810704394242531 -0.7431456926750606 -1.737672585784585
2.02621017252233 1.506378165443897 1.73766949488745 -0.5877781930276317
-1.645453810049231 -0.6589135942990264 -2.560228821813456 0.2079046233694643
-0.03040870303090859 2.553729736212815 1.202431055531676 1.330932237221622
-1.907254273074263 1.44689690335685 -0.994526905351034 1.737661659141265
2.946920287497946 -0.823138625128178 0.000004639399508787889 -0.6146421244545173
1.070074717454588 -1.929971457984144 -2.196953321483202 -0.2079127025348734
2.740672283436417 0.6361937738713989 1.202435943808878 0.6146560307582649
-1.221864316025234 -0.343995261530715 -2.196959214051749 1.817076328413878
-0.804346525609241 1.978345636320906 1.609170724708567 -1.60916938417049
1.035743986228 -0.1086737865219879 0.866030330568161 -2.811600467326723
-2.681192095652598 0.871512803464938 -0.5877872361741431 -1.202439962250847
-0.841101583815355 -1.215506619377953 -1.330927630314546 -2.404871045407079
1.446893374257901 1.907251962520089 1.737666623440356 0.994527796993927
-0.2908690464150244 -1.596262361883948 -2.560227575343905 0.7431404648781474
1.880770186382919 0.998978095123149 0.6146474892488111 2.196960639988294
0.5690263649418009 -0.896660982653429 -1.945580281492634 2.196953974182329
2.553730720241985 0.03040505443183683 1.330934737128508 -1.202426290831322
-2.546044357911267 0.3400649575278184 -1.609174398740356 0.7431372853441969
-1.686148946554443 1.039666336758337 -0.994527104889087 2.196950794648374
2.987607532367001 -0.877868812965101 0.207915602936963 0.000006552163044459824
0.4603524712633894 2.087020405344291 2.196956168593948 -0.587780861695564
-1.039662368316582 -1.686145773836985 -2.196954954348539 -0.994527443594087
1.596256712337136 -0.2908714505942039 -0.7431460947359955 2.560229190452857
1.211573045385662 0.1454344155648225 -0.5877874479527648 2.811605737068019
1.911176301269943 -0.714464838606188 -0.866025691168658 2.196958342872209
0.7739378225783331 0.5753840998919125 -0.406739669176892 2.940101621392115
-0.3995496257901035 2.449804726596043 1.609167714033884 0.994523747534466
0.7512283126504538 -2.238811494959696 -1.94557602178942 -0.6146497978256407
0.3024778031586239 0.980186738054483 -0.2079154151045169 2.940100956688515
2.14256831499587 -1.106832684788412 -0.951055809244921 1.737669873532283
1.144415571099278 0.927065224465604 1.945582038544869 -1.945573159694589
-2.43343736141089 -0.4894296770955393 -1.609171766098987 -0.994529408654135
-0.1822019477086507 1.342150512306266 -0.00000425970321626945 2.811603772007967
2.280319812173024 -1.450826631472893 -0.994520224785074 1.202436892453829
-0.6589185991591107 1.645455868817562 0.2079070818675546 2.560226010918904
2.318410391369742 -1.731412492523429 -0.994519334264613 0.6146516492427672
-1.106837345984081 1.876846908088247 0.4067318863118444 2.196954087825246
2.255175311496246 -1.936327319411765 -0.95105317660355 0.000003179533950348201
1.391350820029863 -0.5869973623708927 0.951061697672954 -2.560222638289806
-2.897721991940102 0.894231921193519 -0.4067396569363217 -0.6146549424196381
-1.506381989594691 2.026210731364803 0.5877805556081777 1.737664728938283
2.09337824897859 -2.05661535091245 -0.866021431465441 -0.6146454291357582
-0.7020274289487286 1.469617988541561 1.817083129138397 -1.94557720915405
-1.391340002345416 -1.131978810171283 -0.994520212544502 -2.352319671357922
1.876845570043357 1.106832832855963 2.196957960882703 -0.406729421919644
-1.840090511837244 2.087019422842895 0.7431403941404016 1.202431083156233
1.840090511837244 -2.087019422842892 -0.743140394140405 -1.202431083156235
-1.876845570043357 -1.106832832855961 -2.196957960882707 0.4067294219196437
1.391340002345418 1.131978810171289 0.9945202125445 2.352319671357926
0.7020274289487302 -1.469617988541558 -1.817083129138401 1.945577209154053
-2.093378248978594 2.056615350912455 0.866021431465439 0.6146454291357587
1.506381989594689 -2.026210731364801 -0.5877805556081831 -1.737664728938285
2.89772199194011 -0.894231921193517 0.4067396569363175 0.6146549424196412
-1.391350820029861 0.586997362370894 -0.951061697672961 2.560222638289804
-2.255175311496246 1.936327319411769 0.951053176603547 -0.000003179533948571844
1.106837345984079 -1.876846908088247 -0.4067318863118489 -2.196954087825249
-2.318410391369741 1.731412492523432 0.994519334264608 -0.6146516492427644
0.6589185991591121 -1.645455868817559 -0.2079070818675576 -2.560226010918901
-2.280319812173023 1.450826631472897 0.994520224785072 -1.202436892453826
0.1822019477086494 -1.342150512306265 0.000004259703210773846 -2.811603772007966
2.433437361410898 0.4894296770955411 1.609171766098988 0.994529408654139
-1.144415571099277 -0.927065224465599 -1.945582038544872 1.94557315969459
-2.142568314995867 1.106832684788411 0.951055809244914 -1.737669873532281
-0.3024778031586264 -0.980186738054481 0.2079154151045109 -2.940100956688516
-0.7512283126504517 2.2388114949597 1.945576021789418 0.6146497978256416
0.3995496257901046 -2.44980472659604 -1.609167714033888 -0.994523747534466
-1.911176301269943 0.714464838606191 0.866025691168652 -2.196958342872207
-0.7739378225783344 -0.5753840998919061 0.4067396691768912 -2.940101621392113
-1.596256712337135 0.2908714505942078 0.7431460947359913 -2.560229190452854
-1.211573045385661 -0.1454344155648164 0.587787447952762 -2.811605737068015
1.039662368316583 1.686145773836984 2.196954954348532 0.994527443594085
-0.4603524712633888 -2.087020405344289 -2.196956168593952 0.5877808616955635
1.686148946554447 -1.039666336758335 0.994527104889081 -2.196950794648377
-2.987607532366995 0.877868812965101 -0.2079156029369678 -0.000006552163044570847
2.546044357911274 -0.340064957527817 1.609174398740352 -0.7431372853441975
-2.55373072024198 -0.03040505443183172 -1.330934737128511 1.202426290831319
-0.5690263649418 0.896660982653432 1.945580281492629 -2.196953974182323
-1.880770186382918 -0.998978095123146 -0.6146474892488142 -2.196960639988293
0.2908690464150265 1.596262361883952 2.560227575343902 -0.7431404648781468
-1.4468933742579 -1.907251962520083 -1.73766662344036 -0.994527796993927
2.681192095652601 -0.871512803464939 0.5877872361741369 1.202439962250846
0.841101583815355 1.215506619377958 1.330927630314545 2.404871045407083
-1.035743986228002 0.1086737865219881 -0.866030330568168 2.811600467326719
0.804346525609243 -1.978345636320904 -1.609170724708573 1.609169384170492
1.221864316025233 0.3439952615307202 2.196959214051744 -1.817076328413878
-2.74067228343641 -0.6361937738713936 -1.202435943808879 -0.6146560307582627
-1.070074717454586 1.929971457984145 2.196953321483198 0.207912702534872
1.907254273074267 -1.446896903356846 0.994526905351029 -1.737661659141263
-2.946920287497942 0.823138625128182 -0.000004639399509953623 0.614642124454517
0.03040870303090948 -2.553729736212811 -1.202431055531679 -1.330932237221619
1.645453810049235 0.6589135942990289 2.560228821813455 -0.2079046233694634
-2.026210172522329 -1.506378165443893 -1.737669494887456 0.5877781930276317
2.347481238997966 -0.810704394242529 0.7431456926750562 1.737672585784588
-0.6348701701769139 -0.3743993552726096 -0.7431492823429529 2.940097864385555
-0.4111561182954746 0.2845155891665824 1.98904623961564 -2.352313308384032
-2.28800168833883 -0.822317243689382 -0.2079117212670694 -1.945583886464386
0.2541029900193712 1.245910956669924 1.609167124140498 2.352318014920346
0.871511819417778 -2.400610086637415 -1.330929837951137 1.202433135447273
2.019849549763723 0.3212751548864488 1.945579060547723 1.330937079110243
-1.0169503742011 -1.46961798853883 -1.609173592015156 1.989039108000825
0.5869931280262803 1.391346923812101 2.560225811592173 0.951061468637034
2.427083639863525 -0.6956724990307908 1.817085417451771 -0.2513696145191973
-2.449806795938544 -0.3995462196131772 -0.994526840970708 1.609163497527614
-0.6097162841013009 -2.486565642456072 -1.737667235111113 0.4067324143713823
-2.777438485172781 0.7324333295158043 0.2079065269019628 1.202427990853273
2.045003435839339 -1.79089113229701 0.95106110777957 -1.202428370903928
0.1086732484937845 1.035739993492638 2.811604751716381 -0.866021263761964
1.245911727185392 -0.2541089450054588 2.352318729724618 -1.609164542281867
-1.342153722317763 1.53678240726413 2.352313218876489 -0.2079111755325078
-2.928126675471037 -0.7551531499326417 -0.7431479008465005 -0.2079192348713833
-1.790888196779432 -2.045002088430741 -1.202433922838266 -0.951062513391287
-0.3400612259678863 -2.54604450220223 -0.7431423899983712 -1.609172601620744
1.91117418773436 -0.7144643128004267 0.866025116397399 2.196960579041359
-0.2062494812440197 -0.841109448674363 -0.5877890444534518 2.940098876615912
-0.2353163763336851 -0.3400645008241165 1.945581332564643 -2.404865263357757
-2.595236537464127 -0.6097171827904656 0.207910786605176 -1.609175781154691
-0.3440011237618894 1.22186300661134 1.81707829300095 2.196957399507408
0.900587864740062 -2.717956356762617 -0.994520930765302 0.7431447887906613
-2.486569293417038 0.6097171827985304 0.4067311803316183 1.737661984162081
2.093376135443011 -2.056614825106693 0.866029376100614 -0.6146431929666063
0.2313852997140556 -1.271059023078118 -0.4067396047965702 2.811603459778459
1.391339653635522 -0.586998712508798 0.951055086883609 2.560230852807527
1.517984620478397 0.1390793667595868 2.196955214126396 1.609176412664552
-0.845039566081024 -1.947941394503395 -1.202436537842777 1.945574502818843
-1.555574169147548 1.07642859104652 2.404865740953712 -0.6146483375606059
-0.6956688475970747 -2.427084906168407 -0.2513748360293081 -1.817084401662191
-0.04919217955285927 -0.949782140318281 1.81708518534553 -2.352313066498889
-2.789047096575666 -0.3704695552559545 0.6146465954361307 -1.202438972526435
1.342147822792557 0.1821966698530046 2.811605397890028 0.000006604859035211352
-2.087019667626935 -1.840087543797512 -1.202436533702268 0.7431382366276154
-2.087025091655682 0.4603534694453117 0.5877797294680399 2.196951810535695
2.202047720314282 -1.0208758141191 1.945581084077318 0.251384114665528
-0.927070737734219 1.144413780014628 1.945574421148219 1.945579203564759
2.050258252794632 -2.232454581326361 0.7431480050160506 0.000004841888623374757
-2.238814559175335 -0.7512252977619491 -0.6146533495932269 1.94557253775879
0.890303898873166 -2.916514891895676 -0.6146466866641225 0.2513774488595609
0.108669471335694 1.03573953679335 2.811602515542755 0.866029543801286
-0.7324325695806472 -2.777436029126753 -1.202433905201409 0.2079078088205089
0.810696900284422 -0.4338784517482078 0.99451938640436 2.811606752955337
0.6589074327647713 -1.645457218955466 -0.2079136926569074 2.560227480178434
1.215506817319773 -0.841107371294896 2.404870629230912 -1.330924544023963
-2.987607881076892 -0.841108709714982 -0.2513807285978573 0.2079046292865582
-1.596267878731477 0.2908701004562995 0.7431394839466403 2.560224300644481
1.917534246268499 -2.310725359836453 0.5877875000925144 0.6146526651300869
-0.07827209185873834 0.4299508173537921 2.94010130886239 -0.951052777788299
-2.056612611466684 -2.093375810068215 -0.6146490898900137 -0.866031234249173
1.057632149215009 -1.947941038584703 -0.000000954467551217419 2.196957274360118
0.1946228022355572 -0.2617956206664126 0.994518416505759 2.940101946412929
-1.701008560312549 0.5690296801227197 2.352314090325106 -0.994522417827348
0.1390819515246926 -1.517989742720173 1.609173696184705 -2.196953500983584
-2.860962914234017 -0.1150306304465973 0.994519398644934 -0.7431498108564153
-1.020872402396773 -2.202050053289487 0.2513790045045318 -1.945580894012646
-1.469622911888601 1.01694817972469 1.989039611189433 1.609169860501506
0.841109380473423 -2.987607731261734 -0.2079094329536926 -0.2513762918295344
-1.035746099763586 0.1086743123277507 0.866020476997889 2.811602703495874
1.701004791830246 -2.288006352031212 0.4067378608975784 1.202437217474644
-0.4299572461748181 -0.07827106472672707 0.951052219577021 2.940100576637859
1.410133265662425 -2.165290487569622 0.2079118254366195 1.737669493481628
-2.807840924117136 0.1454356848914808 1.330926931899403 -0.2513814364235333
0.3212775339313665 -2.019853909242248 1.330933594828505 -1.945576525322764
-1.947945512760309 0.845037064122001 1.945574225750676 1.202432072880647
0.7551543460563837 -2.928127776639185 0.2079144606369635 -0.7431436823283997
-1.772100715047225 0.0367614416702059 2.196955026293947 -1.330931096187006
-1.301458934522446 -1.880775046473321 0.7431463762912241 -1.989046165361817
0.949776479179796 -0.04919485707151394 2.352313882686997 1.817087015300286
-0.6361964739734809 -2.341130414268291 -0.7431472370359976 1.81707895596141
-2.632002812100719 0.3995457629219563 1.609166571733881 0.2513735130430209
0.4894317464445872 -2.43344076759603 0.994525308850342 -1.60916851959337
-2.341133547444761 0.6361937738794598 1.817077910745676 0.7431422337656536
0.6361954430840918 -2.740674587461529 0.6146514946135095 -1.202432127910484
1.880771748790002 -1.301461957424746 1.98904552139484 0.743151151764553
-1.929975383151991 -1.070072225619602 -0.2079165574045159 2.196950722197072
-1.76574356505166 -0.4971134481842646 1.945578485453888 -1.609171699127319
-1.525165466116639 -1.477301145166291 1.202434685422034 -1.945580574782226
-0.3744035627062416 0.6348653619870186 2.940098697998388 0.7431479722306044
-0.823138037167912 -2.946919133707851 -0.6146484437163638 -0.000003365628175600044
-1.682214948285648 -1.009262094938101 1.609170828878119 -1.817083777153249
1.131978426888448 -1.391345369377782 2.35231814239021 -0.994516756707681
-2.916516286146503 -0.890303782795393 0.2513729877490788 0.6146420635075794
0.980183535340048 -0.3024831233422184 2.940101326499245 0.2079175444234969
-2.056616388624777 -2.093376266767502 -0.614651326063636 0.866019573314075
-0.2617965662058635 -0.1946292726363357 2.940101330639757 -0.99451872176773
-2.232453186310616 -2.050258963674083 -0.000001142300002615615 -0.7431502344914446
1.477297026899447 -1.525167968083575 1.94557912492805 1.202438917496596
0.3400585482078391 -0.235319029585483 2.404865146919814 1.945582196016499
-1.536787021835517 -1.342151862441446 0.2079071860371046 2.352311617936144
-0.399548543143911 -2.632000800939544 -0.2513788359546562 1.609168339416241
-2.71795893451365 -0.900588308416109 0.7431404983099556 0.994516690173473
0.99897714736695 -1.880774898403041 2.196958065052259 -0.6146438149024037
-0.841113364470295 0.206244524439854 2.940098459192665 0.5877872682538296
-0.877868422676407 -2.987607731259006 0.000000104169551096156 -0.2079143929827598
-0.4338792743704928 -0.810703129477389 2.811604816096705 -0.994519425375612
-2.310724844413854 -1.917535962333355 0.6146468552139977 -0.5877900034559693
0.5753805239507356 -0.773942952572325 2.940100718969006 0.40674148959758
-1.936329104699361 -2.255174401745929 -0.000002906051727466497 0.951051699023737
1.009257336075754 -1.68221681996926 1.81708158477746 1.609174332591948
-1.076433693342536 -1.555573022515415 0.6146443877995424 2.404865208327918
-0.2845215731027563 -0.4111586313205721 2.352312264408941 1.989046098827611
-0.1454384237323255 -2.807840122868646 0.2513760265073874 1.330929344792185
-2.400613735228571 -0.871512803456875 1.202429203110936 1.330926165258235
0.822315772881322 -2.288005539408823 1.945580378097094 -0.2079079889976394
-1.271062476097267 -0.2313901884963697 2.811601809562532 0.4067374401381191
-0.894231745633885 -2.89772353482168 0.6146486475027557 -0.4067385636800497
0.4971082567115332 -1.765744724650393 1.609168860047259 1.945581107677876
-0.5690350471485418 -1.701008177037928 0.994518680424137 2.352314649292172
-0.5869993762613801 -1.391345369375053 2.560227679513452 -0.951054857860903
-2.288006738728195 -1.701007438080234 1.202431835752305 -0.4067405287400979
0.1150280526873483 -2.860963357916614 0.7431445503750544 0.994522351293143
-0.89666673638278 -0.5690286279089483 2.196952048296807 1.945579142617826
-0.03676683886105226 -1.772101111881051 1.330927734484096 2.19695665242432
0.6097152532119113 -2.595239359273744 1.609171492688626 0.2079144136795419
-1.978350196291244 -0.804348007004161 1.609165981840495 1.609167780428901
-1.469623260598497 -0.7020293429553961 1.945574485528542 1.81708104195111
0.370467251238748 -2.78904876579829 1.20243409138814 0.614649958794878
-0.871512850307164 -2.681194915092407 1.202434095528648 -0.5877863073963455
-1.645460058284337 -0.6589120398619829 2.560224669292174 0.2079112341455909
-0.7144647886741271 -1.911179140215211 2.19695630800002 -0.866024629390138
-2.165291759485676 -1.41013672644372 1.737664775160129 -0.207914541160685
0.1454306226826999 -1.211577760984694 2.811603601851288 0.5877888799140397
-1.731414947360661 -2.318410593840658 0.6146456409685843 0.994518301833682
-1.947943140130993 -1.057636273274865 2.196953425652748 -0.000001690447887892077
-0.810704661439385 -2.347485211772963 1.737667403660986 -0.743144968967793
-0.2908752946501238 -1.596260807446902 2.560225915761727 0.7431470756542763
-1.450829648571595 -2.280321118016222 1.202431224081554 0.994519682625212
-0.7144685658322193 -1.9111795969145 2.196954071826397 0.866026178173107
-1.106836132286891 -2.142570667139734 1.737664792796985 0.951055781051112