4OFF
# Vertices for 2{6}5 , 4D real representation
240

# Vertices.  Each line is the XYZW coordinates of one vertex.
-0.958903703743135 -1.187243251747212 3.120398707500776 1.151305392242269
0.5806287650528727 -0.1251134098575031 2.731351823156979 2.361857138324473
-0.6678746564613441 -0.1470796406919038 3.458988613583046 0.979358895147051
-0.1552374281595854 -0.7870448766757432 2.294021760851158 2.735938763128377
0.990724862755379 -1.593448756130018 2.948259573962415 1.085626936058261
0.7678142429010037 -2.21983812196773 2.239433242972007 1.690903250567368
1.11665643025725 -0.811081523831991 3.368489716121053 0.3740818930401364
-1.156068575427585 -2.111191221311365 2.47636243483213 1.210554095928468
1.259658969263472 0.549065029233974 2.901318138565025 1.756580480795056
-0.875907900301024 -1.371934907300859 1.632136865203778 2.842207639391016
-0.3114693844487619 0.907481150358442 3.458988613977013 0.7115459258001801
-1.542941865504454 0.5608546966693031 2.385863535647359 2.236931525553727
-2.213925780541811 -0.2886598768486051 2.137772528258385 1.958716871583037
-0.7209240503634089 1.35546890477277 2.400409596878445 2.296179736184821
0.4697446152750791 -2.628934265905592 1.311395583110613 2.13066217369524
-0.3597198440157032 -1.593448762465395 3.196351546597799 -0.7115437566523504
1.962746345453482 -0.984805484284214 1.574032651730673 2.468125038297023
1.1332818861627 0.05068001915598142 3.458988615217858 -0.374080892050566
-0.0085969190900943 -2.481854630910243 2.663047631540138 -0.3740802694747052
2.48241894220588 -0.7632924462671388 2.033556549454624 1.584633600826839
-1.240069400145787 -2.828481084599383 1.589922553210482 1.151305330278841
-0.6756308842935253 -0.5490650269400802 3.416774301983722 -0.979356383311996
1.250946461150183 -1.109918899956275 0.960431471124974 3.110019200580378
1.815384977002447 1.169497157703021 2.787283219898205 0.979357486989546
-2.340302863642584 -0.787044886926598 2.69544300491122 -0.171944501262582
-1.510838404351803 -1.822530390366797 0.810487041424033 2.670261429085008
0.904889140339253 0.837725860178544 1.235442745156933 3.216287813951592
0.07542468104847346 1.87321136361874 3.120398708644113 0.3740818836040094
-2.668195214851797 -1.109918410408948 1.680421451066446 1.488769363038886
-0.1771793535558219 0.6086437742341544 1.050930368980937 3.447483233340424
-2.319353027495552 0.2988381877267906 2.809477924215489 0.171948005511656
0.171662833800423 2.017400372369891 2.179986842129978 2.130661875813197
0.343367532174307 -3.127319275983584 1.869066059763447 0.000000800849617177413
2.759095076865364 -0.4670630254382459 2.294021763496342 0.5460271857162092
2.118257442361116 -2.219838623565663 1.99134223746133 -0.106268708285338
-2.132167549647423 -1.795886524383437 2.317559344030516 -0.4990058822454535
1.898380780444553 0.984805502149377 1.299021377601212 2.670259734138287
-1.24190429784371 0.319983394997196 0.763545606026646 3.3412149738218
-2.071368757134492 1.355468898437393 2.648501569513829 0.4990090434742132
0.4166952213730116 -1.126385720440916 0.2528165664060165 3.447483014733007
-0.925406466219526 0.549065018983119 3.302739382625084 -1.151302783595905
1.758263929597368 -1.791209370073869 2.476362437477315 -0.979357481483704
2.270901157899126 -2.431174606057708 1.311395584745426 0.7772223864976255
0.1256931118028433 -2.780692007034528 0.254989386544058 2.36185703806554
1.038973815011353 0.907480648760511 3.21089760846634 -1.085626033052526
0.6617207770072191 -3.466660121009019 0.892127279508128 0.3740817927812014
2.201253245803227 -2.404530279119308 0.5030803951643304 1.584633538863409
1.226159292859482 -1.187244063349717 2.718979028281366 -1.756579920809635
2.765691761655488 -0.1251142214600084 2.329932143937568 -0.5460281747274268
-2.861283111122882 -1.822530396702171 1.058579014059417 0.873090736374398
1.047446163746576 2.481854635464537 1.746171786412375 1.756579985842766
-1.202683591906159 -3.268899512140281 0.5478499744387891 0.979358777285604
-1.715320820207919 -2.628934276156448 1.712816827170672 -0.7772210906957202
2.706045682963298 1.035485520026428 1.235442746791742 1.862848026753981
2.193408454661542 1.675450756010265 2.40040959952363 0.1062681587726529
-2.185062996602611 0.0000008116025017324 0.4014196792194128 2.907885313051901
-1.62062448075035 2.279416869261802 2.228271427992646 0.7772235994610677
-1.99787751875448 -2.094723900507722 -0.090498900965559 2.236931425294791
-0.4583450499584762 -1.032594058618013 -0.4795457853093563 3.447483171376996
-1.084596815545974 1.593448755287316 2.865409320956721 -1.210551645823274
0.4549356532500292 2.655578597177023 2.47636243661292 0.0000001002589318926939
-2.426138586058706 1.644129729381961 0.982626176105734 1.958716376630754
1.916131328974906 -2.142513775113135 -0.3544798086626689 2.236929719654164
0.5740296413823707 -0.4670630356891001 2.695443007556404 -2.361856078674754
-3.077161146104244 1.032595371818447 1.129056470039445 1.257574100527609
-1.537628677308239 2.094725213708155 0.7400095856956492 2.468125846609814
-1.130566537543555 -3.20464362411711 0.940411865370797 -0.979356483570929
-0.7817243501873095 -1.79588702598137 2.069468338519842 -2.296177841098161
2.89998179254842 -0.4239515975842886 -0.07812610105850459 2.189909132812814
3.248823979904663 0.984805000551447 1.050930372090538 0.873087775285587
-2.914332505024944 -0.3199818512375001 -0.000000002645182087257503 2.189911577412168
-3.426969733326707 0.3199833847463411 1.164966850086704 0.433331709430842
-0.498604960333892 2.340274399307838 0.424955701087716 2.735937962278757
-1.011242188635648 2.980239635291677 1.5899225538196 0.979358094297432
-0.2306621092080561 -2.660256240294483 -0.826376947792952 2.361856879524365
2.185065435482994 0.00000001025085938355375 -0.401421244060051 2.907883264390953
-1.572763796800598 -0.984805500870448 2.223545868426115 -2.236928918804547
0.84296374789046 1.67545074967489 2.648501572159011 -1.690902533937956
0.915300181706909 -3.466660119748763 -0.1721391346817023 0.7115450524542544
0.0858357224161264 -2.431174616308563 1.712816828805487 -2.13066087789334
3.331027726397954 -0.806403869203416 0.2528165690512043 1.257571437320839
2.501563267107186 0.2290816342367793 2.137772532538383 -1.584634493026747
-2.77428868074558 -2.356740409450238 0.3331154876025688 0.1719479052527226
1.256259649346397 0.4239516170825747 -0.6854224788267339 3.341213521636465
-2.209850164893319 -0.07732435179093478 2.159967236375806 -1.958713808338116
1.820698165198661 2.703367674741874 1.141429269946496 1.210551808045633
0.944993596456828 -2.828481896201885 1.188502873991073 -1.756579982773064
3.436009457752801 -1.109919711558779 0.5590117919055576 0.2021338875284795
-3.44132264594901 -0.4239508054800762 1.08684215804615 -0.4333282085845662
0.5892256841429697 2.356741221052733 0.06830419161684653 2.735937407799178
-1.047570734101445 -3.389335279670752 -0.5478499769261996 0.7115457635778175
1.443445127194529 -1.670773095027647 -1.177341059011711 2.670259633879356
-0.1342900308929373 0.2988373761242858 2.40805824499608 -2.73593730754025
2.356725830403039 2.01739956076739 1.778567162910568 -0.777223437238704
-1.288519314322285 -0.837724895831726 -1.164966854366697 3.110019655178942
0.2044824158561185 0.806403885789649 -0.902329785746635 3.447482519780723
-2.630621001914824 0.837725843592311 1.88495596185237 -1.488766143149974
-1.137619271736421 2.481854625213687 2.147593030472431 -1.151303278548188
3.204650643297183 -1.304788879281406 0.810487045704035 -0.873089935524776
1.711648913118793 -2.94891766090279 0.5478499770839683 -1.210552800126562
-2.289350461590283 -2.161871240467347 -0.982626180385727 1.58463498797903
-3.118814920881067 -1.12638573702715 0.902329783101454 -1.257570942368559
1.619378813279172 2.14251379169936 -0.2950334080327686 2.4681242374474
0.7899143539883953 3.177999295139564 1.589922555454412 -0.3740816929001834
-0.4351445250641754 -3.466660126084135 0.07595283795368357 -1.08562564025636
3.473584749805277 0.837724906082581 0.7635456103066455 -0.2021363907879847
-3.358326842506897 -0.6086424610337222 -0.4014196842508476 1.257574038564182
-0.867310981210926 1.109919723609381 -1.030910766336356 3.216287908865719
-2.79388832665464 1.670773596625581 1.425432064522389 -0.873087675026657
-0.3028724653586647 3.389335781268679 0.7959409824368759 1.085626195274888
2.310756108405459 -2.780692818637033 -0.146430292675354 -0.5460282749863569
2.659598295761708 -1.371936220501295 0.982626180473691 -1.862849632513593
1.079283627349764 -3.127319272326171 -1.219555371005006 0.979357324767182
1.992564330558274 0.5608533834688658 1.736352850917274 -2.468125746350882
-1.854205936526107 1.304788885616786 -1.058579018339412 2.670260628235388
-2.683670395816889 2.340274389056985 0.826376945147771 -0.1719453021122015
-0.564438515852257 -2.279416057659301 -1.82685174877323 2.130661713590829
-2.415727544691056 -2.66025625054534 -0.4249557037328964 -0.5460263848665909
2.491015861295973 1.7185621846431 -0.6294910820855061 1.958713870301542
0.829464459290782 -1.035485503440199 -1.884955963487181 2.842205930347583
-2.491015861295975 -1.718562184643105 0.6294910820855108 -1.958713870301544
2.415727544691057 2.660256250545337 0.4249557037329014 0.5460263848665885
-0.82946445929078 1.035485503440199 1.884955963487186 -2.842205930347594
0.5644385158522647 2.279416057659301 1.826851748773236 -2.130661713590836
1.854205936526115 -1.304788885616791 1.058579018339413 -2.67026062823539
2.683670395816896 -2.340274389056987 -0.826376945147776 0.1719453021122017
-1.992564330558269 -0.56085338346887 -1.736352850917274 2.46812574635088
-1.079283627349762 3.127319272326171 1.219555371005008 -0.979357324767186
-2.659598295761693 1.371936220501289 -0.98262618047369 1.86284963251359
-2.310756108405454 2.780692818637029 0.1464302926753532 0.5460282749863627
0.3028724653586704 -3.389335781268687 -0.7959409824368784 -1.085626195274887
3.358326842506895 0.6086424610337193 0.4014196842508512 -1.25757403856418
0.867310981210933 -1.109919723609385 1.030910766336362 -3.216287908865728
2.793888326654643 -1.670773596625576 -1.425432064522388 0.873087675026653
-3.47358474980528 -0.837724906082582 -0.7635456103066414 0.2021363907879861
0.4351445250641769 3.466660126084128 -0.0759528379536818 1.085625640256356
-0.7899143539883891 -3.177999295139566 -1.58992255545441 0.3740816929001803
3.118814920881065 1.126385737027146 -0.902329783101449 1.257570942368559
-1.619378813279174 -2.14251379169937 0.29503340803277 -2.468124237447406
2.289350461590288 2.161871240467344 0.982626180385729 -1.58463498797903
-3.20465064329719 1.30478887928141 -0.810487045704031 0.87308993552478
-1.711648913118785 2.948917660902784 -0.5478499770839691 1.210552800126562
2.630621001914821 -0.837725843592311 -1.884955961852362 1.488766143149974
1.137619271736424 -2.481854625213689 -2.147593030472434 1.151303278548187
-0.204482415856114 -0.806403885789651 0.902329785746639 -3.447482519780732
1.288519314322292 0.837724895831723 1.164966854366699 -3.110019655178945
-2.356725830403031 -2.017399560767394 -1.778567162910564 0.7772234372387048
0.1342900308929442 -0.2988373761242901 -2.408058244996074 2.735937307540239
1.04757073410145 3.389335279670751 0.547849976926204 -0.7115457635778202
-1.443445127194526 1.670773095027648 1.177341059011713 -2.670259633879363
3.441322645949009 0.4239508054800735 -1.086842158046142 0.4333282085845669
-0.5892256841429666 -2.356741221052742 -0.06830419161684375 -2.735937407799184
-0.944993596456823 2.828481896201878 -1.18850287399107 1.756579982773064
-3.436009457752799 1.109919711558782 -0.5590117919055617 -0.2021338875284802
-1.820698165198659 -2.70336767474188 -1.141429269946497 -1.210551808045635
2.20985016489332 0.07732435179093633 -2.159967236375797 1.958713808338107
2.774288680745581 2.356740409450233 -0.3331154876025627 -0.1719479052527253
-1.256259649346398 -0.4239516170825793 0.6854224788267372 -3.341213521636471
-2.501563267107177 -0.2290816342367827 -2.13777253253838 1.584634493026746
-0.0858357224161221 2.431174616308553 -1.712816828805481 2.130660877893335
-3.331027726397961 0.806403869203416 -0.2528165690511985 -1.257571437320841
-0.915300181706903 3.466660119748755 0.1721391346816998 -0.7115450524542501
1.572763796800597 0.984805500870444 -2.223545868426107 2.236928918804546
-0.842963747890454 -1.675450749674894 -2.648501572159006 1.690902533937948
-2.185065435482997 -0.00000001025085616390697 0.4014212440600548 -2.907883264390959
0.2306621092080627 2.660256240294482 0.826376947792954 -2.36185687952437
3.426969733326708 -0.3199833847463375 -1.164966850086699 -0.4333317094308446
1.011242188635657 -2.980239635291683 -1.589922553819603 -0.979358094297433
0.4986049603338976 -2.340274399307842 -0.4249557010877163 -2.73593796227876
2.914332505024958 0.3199818512374959 0.000000002645183044824861 -2.189911577412168
0.7817243501873142 1.795887025981365 -2.069468338519835 2.296177841098157
-3.248823979904665 -0.984805000551449 -1.050930372090535 -0.873087775285585
1.130566537543559 3.204643624117097 -0.940411865370793 0.97935648357093
-2.899981792548424 0.4239515975842922 0.07812610105850926 -2.189909132812823
3.077161146104249 -1.032595371818443 -1.129056470039442 -1.257574100527611
1.537628677308248 -2.094725213708161 -0.7400095856956519 -2.468125846609816
-0.5740296413823629 0.4670630356890969 -2.695443007556399 2.361856078674747
-1.916131328974903 2.142513775113134 0.354479808662666 -2.236929719654164
2.426138586058713 -1.644129729381964 -0.982626176105729 -1.958716376630752
-0.4549356532500275 -2.655578597177028 -2.476362436612921 -0.0000001002589385089292
1.084596815545981 -1.593448755287315 -2.865409320956721 1.21055164582327
1.997877518754487 2.09472390050772 0.0904989009655634 -2.236931425294794
0.4583450499584809 1.032594058618012 0.4795457853093576 -3.447483171377002
2.185062996602615 -0.000000811602505979003 -0.4014196792194103 -2.9078853130519
1.620624480750353 -2.279416869261801 -2.228271427992648 -0.7772235994610705
-2.193408454661534 -1.675450756010271 -2.400409599523629 -0.1062681587726533
1.715320820207923 2.628934276156444 -1.712816827170666 0.7772210906957202
-2.706045682963296 -1.035485520026432 -1.235442746791746 -1.862848026753982
1.202683591906166 3.268899512140275 -0.5478499744387864 -0.979358777285603
2.861283111122881 1.822530396702164 -1.058579014059415 -0.873090736374394
-1.047446163746572 -2.481854635464546 -1.746171786412376 -1.756579985842773
-2.765691761655476 0.1251142214600005 -2.329932143937568 0.5460281747274297
-1.226159292859476 1.187244063349715 -2.718979028281365 1.756579920809633
-0.6617207770072148 3.46666012100901 -0.892127279508128 -0.3740817927812008
-2.201253245803221 2.404530279119305 -0.5030803951643329 -1.58463353886341
-1.038973815011345 -0.907480648760514 -3.210897608466335 1.08562603305252
-0.1256931118028386 2.780692007034528 -0.2549893865440569 -2.361857038065545
-1.75826392959736 1.791209370073862 -2.476362437477312 0.979357481483703
-2.270901157899116 2.431174606057702 -1.311395584745428 -0.7772223864976224
0.925406466219527 -0.5490650189831225 -3.302739382625082 1.151302783595899
-0.4166952213730111 1.126385720440914 -0.2528165664060174 -3.447483014733011
1.241904297843712 -0.3199833949971929 -0.7635456060266389 -3.341214973821804
2.071368757134496 -1.355468898437392 -2.64850156951383 -0.4990090434742111
2.13216754964742 1.795886524383428 -2.317559344030512 0.4990058822454579
-1.898380780444557 -0.984805502149381 -1.299021377601212 -2.670259734138294
-2.118257442361105 2.219838623565654 -1.991342237461332 0.1062687082853395
-2.759095076865356 0.4670630254382381 -2.294021763496343 -0.5460271857162079
-0.343367532174303 3.12731927598358 -1.869066059763445 -0.000000800849616844346
2.319353027495558 -0.2988381877267892 -2.809477924215487 -0.1719480055116569
2.668195214851799 1.109918410408948 -1.680421451066442 -1.488769363038889
0.1771793535558257 -0.6086437742341588 -1.050930368980938 -3.447483233340427
-0.1716628338004167 -2.017400372369897 -2.179986842129983 -2.1306618758132
-0.07542468104846824 -1.873211363618743 -3.120398708644116 -0.374081883604011
2.340302863642587 0.7870448869265987 -2.695443004911213 0.1719445012625758
1.510838404351806 1.822530390366797 -0.810487041424031 -2.67026142908501
-0.904889140339253 -0.837725860178544 -1.235442745156933 -3.216287813951601
1.240069400145788 2.828481084599376 -1.589922553210481 -1.151305330278833
-1.815384977002444 -1.169497157703028 -2.787283219898208 -0.979357486989548
0.6756308842935292 0.5490650269400801 -3.416774301983719 0.979356383311991
-1.250946461150183 1.109918899956277 -0.960431471124973 -3.110019200580387
-2.482418942205873 0.763292446267134 -2.033556549454627 -1.584633600826835
0.00859691909010241 2.481854630910239 -2.663047631540135 0.374080269474703
0.3597198440157068 1.593448762465391 -3.196351546597795 0.711543756652347
-1.133281886162698 -0.05068001915598483 -3.458988615217859 0.3740808920505617
-1.962746345453478 0.984805484284212 -1.574032651730676 -2.468125038297025
-0.4697446152750743 2.628934265905588 -1.311395583110614 -2.130662173695239
2.213925780541819 0.2886598768486061 -2.137772528258384 -1.95871687158304
0.7209240503634167 -1.355468904772773 -2.400409596878449 -2.296179736184824
1.542941865504459 -0.560854696669303 -2.385863535647357 -2.236931525553731
0.875907900301027 1.371934907300856 -1.632136865203774 -2.842207639391017
0.3114693844487638 -0.907481150358444 -3.458988613977013 -0.711545925800186
1.156068575427594 2.111191221311361 -2.476362434832127 -1.210554095928466
-1.259658969263466 -0.5490650292339763 -2.90131813856503 -1.756580480795056
-0.767814242900998 2.219838121967728 -2.239433242972007 -1.690903250567368
-1.116656430257243 0.81108152383199 -3.368489716121053 -0.374081893040139
-0.990724862755375 1.593448756130011 -2.948259573962416 -1.085626936058261
0.1552374281595921 0.7870448766757402 -2.294021760851159 -2.735938763128379
0.6678746564613464 0.1470796406919043 -3.458988613583044 -0.979358895147055
0.958903703743134 1.187243251747212 -3.120398707500772 -1.151305392242273
-0.5806287650528674 0.1251134098574982 -2.73135182315698 -2.361857138324478