4OFF
# Vertices for 5{4}3 , 4D real representation
600

# Vertices.  Each line is the XYZW coordinates of one vertex.
-2.940100304223455 0.2079116924769877 0.994521895891623 0.2513770992930935
-2.811603817984778 0.000000002472085841587202 1.330930077548215 -0.2513770426894623
-2.352315048110871 0.2079116914456118 1.945578412693216 0.6146483557888224
-2.940100307611574 -0.866025401690975 0.5877852524763707 0.00000002809631372002741
-2.196955479426192 -0.2079116895692114 2.196955481986182 0.2079117099899928
-2.940100301157146 -0.7431448244815711 0.4067366441661039 0.6146483624762991
-1.989043778680924 -0.7431448261503708 1.945578413573167 1.202433602622268
-2.404867167077393 -1.60917022862591 0.994521896456343 0.6146483545137665
-2.352315043149482 -1.330930078215426 0.994521897315411 1.202433606755358
-1.945578404695127 -1.202433586072296 1.989043791977874 0.7431448405822161
-2.940100299001033 0.4067366438496552 0.6146483351390399 0.743144855795388
-2.560226753328181 -0.2079116876408583 1.609170228304865 -0.7431448016656085
-2.40486716153316 0.614648333873278 1.609170230844532 0.994521919029635
-2.811603822456824 -0.951056513195537 0.7431448247468476 -0.6146483075116164
-2.811603803375634 -0.5877852524378119 0.2079116927668152 1.202433614005994
-1.945578414128559 -0.6146483320788865 2.352315054554313 -0.2079116752064732
-1.945578395047371 -0.2513770713211581 1.81708192257428 1.60917024631114
-2.352315055971033 -1.817081918389978 0.951056516476597 0.00000001976988883711783
-2.196955464176013 -0.99452189687584 0.951056519016262 1.73766674046513
-1.817081918503161 -1.609170228366354 1.945578412182091 0.2513770830041345
-2.811603802545755 0.5877852521471338 0.2079116927309329 1.202433616094764
-2.196955494220145 -0.4067366393329274 1.817081918429131 -1.202433566804566
-2.352315040163486 0.994521894700745 1.202433588252469 1.330930102163216
-2.560226758688701 -0.994521891397983 0.866025402171377 -1.202433562671477
-2.56022672781469 -0.4067366443559513 0.000000002722626790685467 1.737666746686989
-1.609170236212478 -0.994521893066784 2.404867171578442 -0.6146483225255088
-2.811603821114048 0.951056519394763 0.7431448246887964 -0.6146483041319155
-1.817081899629304 0.2513770677658087 1.609170232232439 1.945578428580667
-2.196955489258754 -1.945578408993968 0.866025403051327 -0.6146483158380303
-1.945578389256101 -0.6146483363972486 0.866025407160592 2.196955499366443
-1.60917023314617 -1.94557841002534 1.817081919852922 -0.2513770593423018
-2.560226755200033 0.866025407395574 1.20243358482406 -0.994521869046014
-2.940100308473379 0.994521897820888 0.2513770697101195 -0.207911658917458
-1.609170226442876 0.7431448263220886 2.56022674592835 0.2079117050432661
-2.940100307674536 -0.86602540172685 -0.5877852521085734 0.00000002983706463843827
-1.817081914892921 1.202433586813137 2.196955482217204 0.4067366608125162
-2.940100313955472 -0.7431448223221656 -0.4067366438058087 -0.6146483041062499
-1.330930077441826 0.2513770709162485 2.811603815511468 0.00000001009257172279732
-2.811603809781672 -0.951056515425132 -0.7431448243876259 0.6146483624763559
-2.940100304185865 0.994521897066708 -0.251377069455893 0.2079117234625286
-2.196955494752769 0.7431448294422347 1.609170227386004 -1.330930056037407
-0.994521882281863 -1.202433587776978 2.352315056799994 1.330930082468935
-1.817081909132689 -2.196955482395644 0.4067366450207055 1.202433600533578
-1.945578404335728 1.609170229643939 1.737666721771129 0.5877852727652214
-2.811603828349966 -0.5877852481774978 -0.207911692429765 -1.202433557750322
-0.994521878977187 -0.6146483359772814 2.404867174826902 1.609170234927468
-1.945578406935501 -2.352315054451541 0.2079116919039139 0.6146483495927071
-2.196955463878756 1.330930076484266 0.7431448279372528 1.609170253321058
-2.196955500234861 -0.994521890700824 0.951056513870076 -1.737666701226198
-2.560226728347314 0.7431448244192125 -0.2079116883205035 1.609170257454146
-1.737666737852592 -0.5877852481472107 1.945578409391608 -1.609170215157749
-1.609170212574384 -1.945578413597024 0.5877852550111315 1.73766673321455
-0.95105650708536 -1.737666721874304 2.196955483130938 0.994521898895403
-1.609170205871088 0.74314482275041 1.330930081086563 2.196955497600118
-0.994521897545481 -0.2513770687296518 2.940100306784761 -0.2079116852992126
-2.560226733829405 -0.994521895723845 -0.866025401836432 1.202433612265357
-1.945578425503797 -1.989043787203905 0.7431448238617701 -1.202433570633974
-2.196955458917367 -0.2079116931767718 -0.2079116874405549 2.196955504287593
-1.202433597318413 -1.330930075082145 2.35231505337158 -0.994521888740295
-0.951056497315759 -0.000000002485431638277191 2.352315057480845 1.817081926464178
-1.609170202804781 -0.2079116942081495 0.7431448293610408 2.560226760783323
-1.330930086945209 -2.196955479245207 1.609170228299735 -0.7431448179545193
-1.989043792434232 -2.404867170967924 0.0000000001799298487981105 0.00000001636462776399839
-1.945578416533036 1.609170231732708 1.737666720030375 -0.5877852318197214
-2.940100314488094 0.4067366464530004 -0.614648334848934 -0.7431447933390887
-2.196955484427312 1.817081922389897 1.202433585645949 -0.4067366188328698
-2.811603827520086 0.5877852564074475 -0.2079116924656488 -1.202433555661558
-1.330930056071195 -1.609170232203175 0.7431448288509842 2.196955491403946
-0.866025398853774 -2.196955481975678 1.945578412687015 0.6146483360946016
-1.989043781588074 1.945578411783836 1.202433587333606 0.7431448477914157
-1.609170235915221 1.330930080293326 2.196955480499434 -0.7431448096695744
-2.811603808438898 0.95105651716517 -0.7431448244456814 0.6146483658560527
-2.940100309546389 0.2079116933095853 -0.994521895589385 -0.2513770375433432
-1.73766673702271 0.5877852564377313 1.94557840935573 -1.609170213068979
-2.560226763873536 -0.4067366381809286 -0.000000002423557021735689 -1.737666695004339
-2.352315055490064 1.945578413712191 0.6146483336522914 -0.2079116638641821
-2.56022676171742 0.7431448301502908 0.2079116885493828 -1.609170201685249
-0.5877852431494278 -0.000000001034088481510764 2.940100308345564 0.866025405529475
-2.196955476596767 -1.94557841123106 -0.866025402697234 0.6146483545138586
-0.7431448150250748 0.6146483328141392 2.811603816877201 0.951056520934535
-2.352315056072909 -1.817081918448031 -0.951056516113706 0.00000002258648368336225
-0.866025383046225 0.614648331115046 2.196955484462887 1.945578418487926
-2.196955464277888 -0.994521896933898 -0.951056513574043 1.737666743281725
-1.945578419712528 -2.352315052279999 -0.2079116915519164 -0.6146483175786685
-0.6146483384808642 -0.7431448242310561 2.940100306485008 -0.4067366423724716
-1.202433594332415 0.994521897834024 2.560226744308639 -0.866025393332433
-2.81160381291094 0.000000001497546142648076 -1.330930077247048 0.2513771010339022
-1.945578400631337 -1.989043791522271 -0.7431448235319493 1.202433603938943
-0.4067366356416224 -0.6146483348371229 2.940100308172669 0.7431448242518205
-0.86602539247966 1.202433585108455 2.560226747039324 0.994521902699239
-2.40486717993868 -1.609170226502387 -0.994521896100513 -0.6146483103280311
-0.743144810260837 -2.196955483848264 1.33093008025954 1.609170231098061
-0.994521869606713 -1.202433590006574 0.866025407665519 2.560226752456908
-0.7431448250413528 -2.560226745352677 1.609170229687645 0.2079116915965142
-1.945578391660577 1.609170227414344 0.2513770726366525 1.817081942753193
-1.737666744258633 -0.95105651113453 0.99452189223717 -2.196955466687388
-0.866025393062503 -2.560226747051772 0.994521897273331 1.202433589149905
-0.5877852332463296 -1.737666723838543 1.609170232227308 1.945578412291756
-2.19695546078922 0.866025401859659 -0.6146483309213641 1.945578436907185
-1.202433606790759 -0.7431448211109108 1.989043787942658 -1.945578403453142
-2.40486717096792 1.989043792434229 0.0000000000680939749031495 0.00000002848622271400814
-2.196955501096665 0.866025408811038 0.6146483311038301 -1.945578388239967
-1.330930052460956 1.202433582976315 0.994521898886099 2.352315069212328
-1.609170248633234 -1.945578407422001 0.5877852498649458 -1.73766670847678
-1.945578401094012 2.196955481407754 0.6146483352130931 0.866025426964504
-2.196955504484786 -0.2079116853569168 0.2079116876885734 -2.196955459436748
-1.609170212637346 -1.945578413632903 -0.5877852495738136 1.737666734955303
-0.2079116854173645 -1.202433586997826 2.81160381636607 0.5877852481498468
-2.560226734691208 0.866025403788012 -1.202433584602678 0.994521925251585
-1.202433604634644 0.4067366472203093 2.196955478915597 -1.817081910134052
-1.737666694303429 -0.0000000033347776762227 -0.4067366391916151 2.560226764188688
-0.7431448403049714 -1.609170226305349 2.196955479672407 -1.330930076171635
-1.202433556835556 0.2079116866888469 0.5877852565138763 2.811603827422937
-0.994521909433612 -2.352315051860034 1.330930076114393 -1.202433582017644
-0.4067366210324797 -1.202433589747018 1.817081923391267 2.196955480947278
-0.951056510536442 -2.811603816078147 0.6146483351307391 0.7431448294393776
-0.951056504631988 1.737666719817028 2.196955483024864 0.99452190507042
-0.7431448347607356 0.6146483361938362 2.811603814060601 -0.951056511655768
-2.352315068208076 -1.330930074003133 -0.994521896982198 -1.202433562671385
-2.560226738079327 -0.2079116903799425 -1.609170228017935 0.743144854054805
-0.7431448038867231 1.202433583235871 1.945578414611848 1.989043797702696
-1.817081934128322 -2.196955478147473 -0.406736644691957 -1.202433570633917
-1.737666698775474 -0.951056519002407 -0.994521891992985 2.196955499366537
-0.2079116976146723 -1.20243358490906 2.811603814625318 -0.587785256435091
-2.352315051241467 1.945578412935833 -0.6146483335190837 0.2079117195916451
-1.737666742915855 0.951056521455777 0.994521892179114 -2.196955463307689
-0.2079116667406599 -0.614648337867026 1.945578415176566 2.352315052923371
-0.6146483051950145 -0.7431448300101575 0.951056520514104 2.81160381909651
-1.202433564695719 -1.817081923146744 -0.4067366397027445 2.196955491404005
-0.5877852563701142 -2.8116038146268 1.202433585995454 -0.2079116914953265
0.000000003130591452737974 -1.737666721490217 2.560226746212301 0.406736636197179
-0.994521894824466 -2.94010030676993 0.2079116913329955 0.2513770746778137
-0.99452188385646 2.196955480619561 1.737666722240174 0.951056527944454
-2.196955500336735 -0.994521890758876 -0.951056518720224 -1.737666698409601
-2.196955469462725 -0.4067366437168515 -1.817081918168979 1.202433610948861
-0.2513770799054539 0.2079116928520317 2.940100305566148 -0.994521896744267
-1.817081908551172 2.35231505433212 0.000000001433822449659061 0.951056539328182
-1.7376667473879 0.0000000057881452963926 0.4067366393777478 -2.560226728129839
-1.609170207805905 1.81708191775096 -0.2513770669791931 1.945578431960458
-2.196955467306607 0.7431448246143749 -1.609170227196042 1.330930104267949
-0.6146483538074438 0.2079116947803871 2.35231505188483 -1.945578408399865
-1.202433613308147 -0.866025398356189 0.994521891667987 -2.560226736092372
-1.737666697432698 0.9510565135879 -0.994521892051038 2.196955502746235
-0.6146483571955622 -0.866025399387574 1.945578408469578 -2.196955479596645
0.00000002505859064694249 -0.000000004212289184124529 1.989043794297607 2.404867169426742
-0.994521900063139 -2.940100305889324 -0.2079116910469892 -0.2513770644882047
-0.994521869247315 1.609170225709662 0.614648337458773 2.404867184639912
-0.5877852307929587 1.737666717852792 1.609170232121236 1.945578418466772
-1.609170248696196 -1.945578407457882 -0.587785254719996 -1.737666706736027
-1.20243361024184 -1.81708191531475 0.4067366399424654 -2.196955472909166
0.207911691541725 -2.196955482003443 2.196955481918089 0.2079116815037736
-0.7431448000604828 -1.609170233292609 -0.2079116869377255 2.56022675071627
-1.33093008636369 2.352315057482563 1.202433584712854 -0.994521879159909
-2.352315067910818 0.994521899356976 -1.202433588061206 -1.330930049815453
-1.202433556898518 0.2079116866529649 -0.587785248071066 2.811603829163688
-0.2513770877656172 -1.817081916983557 1.945578409349527 -1.6091702327632
-2.196955476115798 1.817081920871107 -1.202433585521539 0.4067366708797879
-0.994521903592122 2.196955483999258 1.737666719423571 -0.951056504645849
-2.404867182343153 0.6146483373092126 -1.609170230624451 -0.99452186694128
-1.202433609819478 0.99452190043737 1.330930074320662 -2.352315042466914
-1.609170237850036 2.404867175293874 0.6146483324336776 -0.994521875309234
-2.196955497350739 1.330930082157294 -0.7431448277831667 -1.609170203001741
-0.7431447945162489 0.6146483292065769 0.4067366474504663 2.940100315232137
-0.6146483522341731 -2.404867169048613 0.994521893091774 -1.609170228630112
-1.202433560286637 -0.866025407514997 -0.994521891486322 2.560226757966908
0.2079116821082925 -1.609170228010032 2.56022674449453 -0.7431448342849123
-0.994521884510932 2.560226744756989 1.202433587443537 0.86602541687176
-1.945578434938557 -0.6146483286429529 -0.86602540691467 -2.196955461177386
-0.2079116604364952 -0.2513770749377606 0.994521899740704 2.940100307269604
-0.4067366514889061 -2.940100305629773 0.7431448246787593 -0.6146483359978363
-0.6146483413880127 1.945578413703152 2.196955480245452 -0.866025397203317
-2.352315061074031 0.2079116935110804 -1.94557841245394 -0.6146483062363812
-1.817081928286832 2.352315057711819 -0.000000001382775727254426 -0.951056493262118
-1.94557842939432 1.609170233856233 -0.2513770725264783 -1.817081896661515
-1.737666704668619 -0.5877852539843698 -1.9455784091696 1.609170249127826
0.2513770595827589 -0.2079116891383997 2.940100305551914 -0.994521902699511
0.4067366513777795 0.614648332375737 2.940100308091579 0.7431448179957327
-1.609170228124409 -1.945578411029564 -1.817081919561789 0.2513770858208242
0.2079116979158403 1.202433585080691 2.811603816270399 0.5877852481084078
-1.817081923927969 -1.60917022759182 -1.945578411889223 -0.251377051015707
-0.2079116972552744 1.609170230807179 2.560226744418572 -0.7431448242520867
-2.19695548397596 -0.20791168896448 -2.196955481738161 -0.2079116651391468
-1.945578419131007 2.196955484447766 -0.6146483351387991 -0.866025378784059
-1.609170248152263 1.817081924680168 0.2513770670406413 -1.945578392110848
0.2079117157626652 0.6146483296265465 1.945578415116776 2.35231505079316
0.587785261435517 -0.000000001863966758719471 2.940100308282601 0.866025393332169
-1.330930071696354 -2.196955481984297 -1.609170228023062 0.7431448377658945
-0.951056526023504 -2.811603813474809 -0.614648334857235 -0.7431448196951015
0.000000005583964068911484 1.737666720201116 2.560226746106229 0.406736642372198
-1.945578420329411 -1.202433583552855 -1.98904379169607 -0.7431448044819272
-1.609170217278251 2.404867171722194 -0.6146483324081137 0.994521917247615
-1.202433615179998 0.2079116966802426 0.5877852481871746 -2.811603803472785
0.4067366413615002 -2.560226745791079 1.737666720902022 -0.00000001134228599930509
-0.2513770416582117 -1.330930082588107 0.000000004217436178066691 2.811603815691246
0.7431448350619007 -0.6146483360222062 2.811603816835115 0.951056503329084
-0.994521884624113 -2.352315056214278 -1.33093007586427 1.202433594296024
-0.2079116869919593 2.196955481398714 2.196955481806254 0.2079116936253704
-1.989043803841394 -0.7431448219961354 -1.945578413314744 -1.202433563987876
0.406736660442692 -2.19695548503335 1.20243358892199 1.817081910175324
0.2079117057463845 -2.560226748540266 0.7431448279272169 1.609170221455143
-1.737666703838742 0.5877852506005759 -1.94557840920548 1.609170251216597
-0.406736622607078 2.196955478649521 1.202433588831445 1.817081926422794
0.2079116857185314 1.202433587169462 2.811603814529645 -0.5877852564765308
-1.330930101740488 -1.609170224441379 -0.7431448286101876 -2.196955469503798
-1.945578410066095 -0.6146483329613197 -2.352315054308391 0.2079117133955299
-0.0000000205088247495766 0.000000003607558640705832 2.404867169426733 -1.989043794297602
-1.9890437971381 1.945578414351293 -1.202433587239311 -0.7431447996023074
-1.202433605410395 1.945578416069116 0.7431448225370839 -1.98904377590401
0.587785271338613 -1.737666724668421 1.609170232164348 1.945578400094446
0.00000001183790776515536 -2.811603817805006 0.2513770719475005 1.33093007240194
-0.951056506566804 2.811603814817579 0.614648334959108 0.7431448394307609
-1.945578404521862 1.609170229537868 -1.737666719920198 0.5877852779113989
-0.6146483580573675 0.994521900124289 1.609170225703327 -2.404867166610419
-1.609170256012427 -0.2079116851554201 -0.7431448291759811 -2.560226728129785
0.866025413391523 -1.202433588486326 2.560226747019958 0.994521880455086
-0.6146483189483235 -2.404867174827713 -0.994521892879133 1.60917023283887
-0.406736641175373 2.56022674589715 1.737666720789304 0.000000006196112289913458
-1.945578428634392 -0.2513770657136869 -1.817081922350532 -1.609170206831152
0.7431448453703744 -1.202433590185422 1.945578414605647 1.989043778008477
-0.2079116825879407 -2.940100308659677 -0.2513770683173425 0.994521892673717
-1.202433564214751 1.945578408955425 -0.7431448225270505 1.989043807769933
-0.6146483635394583 -0.7431448200187622 0.951056512187403 -2.811603811799208
-0.6146483081021653 1.94557840792405 0.2079116942745411 2.352315064265658
-0.7431448531662549 -1.609170224181823 0.2079116871155581 -2.560226741013432
0.2079117215539365 0.2513770645504514 0.994521899703089 2.940100303848465
-0.6146483052968899 -0.7431448300682169 -0.951056512076202 2.811603821913105
0.6146483236521823 -1.945578410491508 2.196955480298371 -0.86602541687193
-0.20791170319864 -2.940100305110171 0.2513770685190899 -0.994521898807291
-1.202433561148443 0.994521891996865 -1.330930074252571 2.352315070953138
-0.00000002498086881796979 -0.951056512060062 1.817081916625368 -2.352315059119752
0.86602542365484 -0.6146483378947911 2.196955484407639 1.945578398332543
-0.4067366388137557 -2.940100307859366 -0.7431448244557134 0.6146483339901375
0.6146483303554801 0.743144825855926 2.940100306373807 -0.4067366524863606
-1.609170223715327 -0.994521895397817 -2.404867171345367 0.6146483523837261
-0.7431448441954968 1.989043794754792 1.202433583284161 -1.94557840219918
-1.94557841671917 1.609170231626635 -1.737666721660952 -0.5877852266735434
0.951056525504939 -1.737666723217075 2.196955483029063 0.994521879159745
-0.2079116723246266 -2.352315058068144 -0.6146483309296634 1.945578410551174
0.4067366668168066 1.202433582050784 1.817081923274299 2.19695547677996
-0.2513770386722167 0.994521890328066 0.2079116951544916 2.940100311099104
0.74314481532624 -0.6146483326425081 2.811603814018518 -0.951056529261223
-1.202433566630533 -0.7431448281461924 -1.989043787768499 1.945578425764345
-0.866025418121101 -2.56022674283948 -0.99452189702428 -1.202433580276836
-0.2079117126320757 -2.352315051116757 0.6146483310955277 -1.945578414595977
-0.5877852524004732 2.811603816268924 1.202433585823825 -0.2079116815039383
-1.817081940174962 0.2513770745814414 -1.609170232053147 -1.945578389980551
-0.6146483031407744 0.4067366382630101 -0.7431448211032614 2.940100315232196
0.2513770497501927 -1.945578408563152 1.60917022661706 -1.817081928527532
0.951056535274542 -0.000000003828201089461913 2.35231505737897 1.817081906728516
-0.5877852521844757 -2.811603815439046 -1.202433585760862 0.2079116937012524
0.2513770997053988 -0.994521900763393 0.2079116951882743 2.940100302348546
0.5877852482148318 -2.811603815456683 1.202433585932496 -0.2079117036926368
0.99452190377825 -2.196955483893186 1.737666722267754 0.951056499499673
0.2079117120505512 -2.196955485611003 -0.2079116875086427 2.196955475801374
-1.330930065854866 2.352315053874998 -1.202433584713882 0.994521915137691
-0.6146483640720835 0.4067366487563996 0.7431448211442721 -2.940100301032047
-0.7431448275891047 2.940100308297769 0.6146483332413375 -0.4067366310513326
-1.609170251603343 0.7431448304763252 -1.330930080959557 -2.196955461566878
0.994521893545973 0.2513770696479672 2.940100306662885 -0.2079117050435405
-1.202433576932761 -1.330930078759904 -2.352315053161538 0.994521908962729
-0.866025395610256 2.940100306598672 0.000000000827021617855195 0.5877852665020575
-0.2513770872846468 1.945578415118612 1.609170226525222 -1.817081916397269
-1.817081923568568 1.202433588124417 -2.196955482095966 -0.4067366188327
-1.202433615242962 0.2079116966443588 -0.5877852563977678 -2.81160380173203
0.994521912627163 0.6146483304056969 2.404867174682852 1.609170216474071
-0.7431448295281619 -2.560226744712066 -1.609170229451754 -0.2079116852733755
-0.2079116722744085 2.560226742867244 0.7431448277932012 1.609170234867664
-0.994521922827521 -1.202433580961348 -0.866025407485586 -2.560226736092279
-1.609170220729333 1.330930077518351 -2.19695548040831 0.7431448477915855
-0.00000002363809414873685 0.951056520530243 1.817081916567313 -2.352315055740053
-1.202433567163159 0.4067366406289691 -2.196955478811628 1.817081936531506
0.6146483136861268 -0.2079116877229314 2.352315051831687 -1.94557842189346
0.6146483569380353 -1.945578416270607 0.2079116943274723 2.352315044597049
0.994521902610885 -2.560226747761118 1.202433587493297 0.866025387136051
-0.866025407807565 2.940100308687443 -0.000000000913731090790293 -0.5877852380828851
-1.330930101381089 1.202433591274854 -0.994521898816935 -2.352315037320794
0.5877852737919849 1.73766671702291 1.609170232058274 1.945578406269463
-0.7431448437957836 -2.196955478211121 -1.330930080045827 -1.609170223483991
0.994521910152366 1.202433583190945 2.352315056620062 1.330930066104309
-0.866025411816935 -2.196955479910216 -1.945578412460139 -0.6146483259305998
0.614648363641331 0.7431448200768244 0.951056520402899 2.811603808982616
-0.0000000158075549316905 -2.81160381309072 -0.2513770717758708 -1.330930082393323
0.994521884042587 -2.196955480513488 1.737666719451153 -0.951056533090626
0.00000003004413223761659 -0.5877852575429161 -0.866025399412871 2.940100307269696
1.33093007774299 -0.2513770707446167 2.811603815384249 -0.00000001841925789669574
1.2024335766355 -0.994521894600206 2.560226744240546 -0.866025421818656
-0.6146483118142783 -0.866025407313499 -1.945578408350877 2.196955489273871
-0.7431448129217681 -1.609170231169089 -2.196955479494579 1.330930085874472
0.2513770545816362 1.817081922820713 1.945578409211682 -1.609170231522371
-1.609170231031557 0.7431448269046451 -2.560226745801351 -0.2079116690100284
-0.7431448039510103 1.989043787767527 -1.202433583325976 1.945578424688724
-0.00000003087401695411884 -0.5877852470420253 0.866025399448751 -2.940100309358458
0.7431448555707293 -0.614648339629767 0.4067366474083834 2.940100297626685
0.7431448192146202 -2.940100306814856 0.6146483333412066 -0.406736656920568
-0.2079116664831376 2.196955477791152 -0.2079116876204858 2.196955487922969
-0.2513771000026574 -1.330930072596711 -0.000000004109263929130691 -2.81160381520447
0.951056522053859 -2.811603817420918 0.6146483350288668 0.7431448097037161
0.994521919217279 -1.60917023421814 0.6146483374504756 2.4048671582839
0.95105652795831 1.737666718474257 2.196955482922987 0.99452188533476
-0.6146483083256113 0.994521891480059 -1.609170225698203 2.404867182899333
-0.951056527958319 -1.737666718474257 -2.196955482922991 -0.994521885334758
0.6146483083256057 -0.994521891480057 1.6091702256982 -2.404867182899328
-0.951056522053867 2.811603817420917 -0.6146483350288663 -0.7431448097037123
-0.994521919217281 1.609170234218144 -0.6146483374504724 -2.404867158283898
0.2513771000026528 1.330930072596715 0.000000004109262957685544 2.811603815204472
0.2079116664831296 -2.196955477791149 0.207911687620479 -2.196955487922966
-0.7431448192146284 2.940100306814855 -0.61464833334121 0.406736656920573
-0.7431448555707322 0.6146483396297702 -0.4067366474083824 -2.940100297626683
0.0000000308740127907825 0.5877852470420301 -0.866025399448753 2.940100309358466
0.7431448039510055 -1.989043787767525 1.202433583325976 -1.945578424688721
1.609170231031554 -0.7431448269046439 2.560226745801349 0.2079116690100315
-0.2513770545816408 -1.817081922820715 -1.945578409211681 1.609170231522376
-1.202433576635507 0.994521894600204 -2.560226744240548 0.866025421818661
0.7431448129217637 1.609170231169087 2.196955479494577 -1.330930085874469
-1.330930077742996 0.2513770707446157 -2.81160381538425 0.00000001841926322576626
0.6146483118142754 0.866025407313501 1.945578408350874 -2.196955489273866
-0.994521884042596 2.196955480513487 -1.737666719451154 0.951056533090633
-0.00000003004413456908495 0.5877852575429156 0.866025399412873 -2.940100307269693
0.00000001580754721564048 2.811603813090719 0.2513770717758681 1.330930082393325
-0.614648363641334 -0.7431448200768227 -0.9510565204029 -2.811603808982613
0.866025411816926 2.196955479910214 1.945578412460137 0.614648325930604
-0.994521910152372 -1.202433583190944 -2.352315056620063 -1.330930066104309
0.7431448437957774 2.196955478211121 1.330930080045824 1.609170223483994
-0.5877852737919897 -1.737666717022911 -1.609170232058273 -1.94557840626946
0.866025407807559 -2.940100308687443 0.000000000913734032881308 0.5877852380828892
1.330930101381086 -1.202433591274852 0.994521898816938 2.352315037320796
-0.994521902610889 2.560226747761116 -1.202433587493295 -0.866025387136051
-0.6146483569380377 1.945578416270607 -0.2079116943274694 -2.352315044597045
-0.6146483136861311 0.207911687722933 -2.352315051831686 1.945578421893464
1.202433567163154 -0.4067366406289738 2.196955478811627 -1.817081936531507
1.609170220729323 -1.330930077518353 2.196955480408306 -0.7431448477915833
0.00000002363809259442462 -0.951056520530241 -1.817081916567314 2.352315055740056
0.994521922827516 1.20243358096135 0.866025407485587 2.560226736092279
0.2079116722744013 -2.560226742867245 -0.7431448277932022 -1.609170234867663
0.7431448295281564 2.560226744712068 1.609170229451754 0.2079116852733788
-0.994521912627169 -0.6146483304056954 -2.404867174682853 -1.609170216474072
1.817081923568562 -1.202433588124417 2.196955482095967 0.4067366188327033
0.866025395610247 -2.940100306598675 -0.000000000827023949323547 -0.5877852665020535
1.202433615242959 -0.2079116966443564 0.5877852563977682 2.811603801732034
0.251377087284642 -1.945578415118614 -1.609170226525223 1.817081916397274
1.202433576932755 1.330930078759902 2.352315053161534 -0.994521908962728
-0.994521893545979 -0.2513770696479675 -2.940100306662886 0.2079117050435413
1.60917025160334 -0.7431448304763233 1.330930080959558 2.196955461566881
0.7431448275890985 -2.940100308297771 -0.6146483332413373 0.4067366310513369
1.330930065854858 -2.352315053874996 1.20243358471388 -0.994521915137686
0.6146483640720817 -0.4067366487563941 -0.7431448211442722 2.940100301032052
-0.994521903778257 2.196955483893189 -1.737666722267754 -0.951056499499672
-0.2079117120505554 2.196955485611007 0.2079116875086441 -2.196955475801372
-0.5877852482148372 2.811603815456678 -1.202433585932495 0.2079117036926379
-0.2513770997054011 0.994521900763393 -0.2079116951882731 -2.940100302348541
0.5877852521844699 2.811603815439048 1.202433585760865 -0.2079116937012497
-0.95105653527455 0.000000003828204198086382 -2.352315057378974 -1.817081906728514
-0.2513770497501986 1.94557840856315 -1.60917022661706 1.817081928527533
0.6146483031407689 -0.4067366382630081 0.7431448211032602 -2.94010031523219
1.817081940174958 -0.2513770745814377 1.609170232053145 1.945578389980554
0.5877852524004674 -2.811603816268926 -1.202433585823827 0.2079116815039423
0.866025418121093 2.560226742839481 0.994521897024276 1.202433580276836
0.2079117126320698 2.352315051116762 -0.6146483310955309 1.945578414595981
-0.7431448153262461 0.6146483326425038 -2.811603814018518 0.951056529261223
-0.4067366668168118 -1.202433582050782 -1.817081923274296 -2.196955476779957
0.2513770386722103 -0.994521890328061 -0.2079116951544941 -2.940100311099102
1.20243356663053 0.7431448281461942 1.989043787768496 -1.945578425764341
0.2079116723246197 2.352315058068145 0.6146483309296629 -1.945578410551167
-0.951056525504947 1.737666723217078 -2.196955483029064 -0.99452187915974
1.945578416719164 -1.609170231626637 1.737666721660954 0.5877852266735502
0.7431448441954913 -1.989043794754788 -1.202433583284159 1.945578402199182
1.60917022371532 0.994521895397817 2.404867171345364 -0.6146483523837255
-0.6146483303554851 -0.7431448258559229 -2.940100306373808 0.4067366524863671
0.4067366388137502 2.940100307859364 0.7431448244557152 -0.6146483339901372
-0.866025423654846 0.6146483378947936 -2.19695548440764 -1.945578398332538
0.00000002498086593138993 0.951056512060065 -1.817081916625371 2.352315059119757
1.202433561148438 -0.994521891996866 1.330930074252573 -2.352315070953134
0.2079117031986348 2.940100305110175 -0.25137706851909 0.994521898807292
-0.6146483236521907 1.945578410491504 -2.196955480298378 0.866025416871933
0.6146483052968863 0.7431448300682182 0.951056512076199 -2.811603821913102
-0.20791172155394 -0.2513770645504496 -0.994521899703089 -2.940100303848464
0.7431448531662501 1.609170224181827 -0.2079116871155588 2.560226741013433
0.614648308102156 -1.945578407924049 -0.207911694274547 -2.352315064265654
1.202433564214742 -1.945578408955424 0.7431448225270481 -1.989043807769927
0.6146483635394563 0.743144820018766 -0.951056512187406 2.81160381179921
0.2079116825879352 2.940100308659676 0.2513770683173434 -0.994521892673715
-0.7431448453703805 1.202433590185422 -1.945578414605646 -1.989043778008472
1.945578428634385 0.2513770657136924 1.81708192235053 1.609170206831156
0.4067366411753665 -2.560226745897154 -1.737666720789303 -0.000000006196111290712736
0.6146483189483179 2.404867174827711 0.994521892879133 -1.609170232838865
-0.866025413391531 1.202433588486328 -2.560226747019962 -0.994521880455082
0.951056506566795 -2.811603814817583 -0.6146483349591088 -0.74314483943076
1.945578404521854 -1.609170229537864 1.737666719920198 -0.5877852779113942
1.609170256012423 0.2079116851554248 0.7431448291759787 2.560226728129786
0.6146483580573642 -0.994521900124292 -1.60917022570333 2.404867166610418
-0.00000001183791464853812 2.811603817805006 -0.2513770719475017 -1.330930072401939
-0.5877852713386176 1.737666724668419 -1.609170232164347 -1.945578400094443
1.202433605410393 -1.94557841606911 -0.7431448225370833 1.989043775904011
1.989043797138094 -1.945578414351297 1.202433587239313 0.7431447996023135
1.94557841006609 0.6146483329613224 2.35231505430839 -0.2079117133955252
1.330930101740483 1.609170224441381 0.7431448286101886 2.196955469503799
0.00000002050882230708595 -0.000000003607563692220594 -2.404867169426736 1.989043794297602
-0.2079116857185355 -1.202433587169461 -2.811603814529647 0.5877852564765369
0.4067366226070714 -2.196955478649523 -1.202433588831446 -1.817081926422795
1.737666703838735 -0.5877852506005741 1.94557840920548 -1.609170251216594
-0.2079117057463911 2.56022674854027 -0.7431448279272185 -1.609170221455138
-0.4067366604426956 2.196955485033349 -1.202433588921989 -1.817081910175322
1.98904380384139 0.7431448219961366 1.945578413314745 1.202433563987878
0.2079116869919559 -2.196955481398716 -2.196955481806251 -0.2079116936253663
0.994521884624107 2.352315056214278 1.33093007586427 -1.202433594296021
-0.743144835061909 0.6146483360222068 -2.811603816835118 -0.95105650332908
-0.4067366413615064 2.560226745791077 -1.737666720902022 0.00000001134229021815258
0.2513770416582077 1.330930082588106 -0.000000004217434512732154 -2.811603815691243
1.609170217278242 -2.404867171722198 0.6146483324081109 -0.994521917247611
1.202433615179996 -0.207911696680237 -0.5877852481871764 2.811603803472784
1.945578420329403 1.202433583552856 1.989043791696067 0.7431448044819271
-0.000000005583968287758978 -1.737666720201116 -2.560226746106228 -0.406736642372194
1.330930071696349 2.196955481984298 1.609170228023062 -0.7431448377658921
0.9510565260235 2.811603813474808 0.6146483348572347 0.7431448196950999
-0.5877852614355197 0.000000001863965870541051 -2.940100308282601 -0.866025393332161
-0.2079117157626687 -0.6146483296265453 -1.945578415116773 -2.352315050793159
1.945578419131003 -2.196955484447769 0.6146483351387996 0.866025378784064
1.60917024815226 -1.817081924680167 -0.2513770670406399 1.945578392110856
2.196955483975954 0.2079116889644822 2.19695548173816 0.2079116651391473
0.2079116972552716 -1.609170230807181 -2.560226744418572 0.7431448242520916
1.817081923927961 1.60917022759182 1.945578411889216 0.2513770510157069
-0.207911697915846 -1.202433585080692 -2.811603816270401 -0.5877852481084065
1.609170228124404 1.945578411029565 1.817081919561789 -0.251377085820822
-0.4067366513777849 -0.6146483323757373 -2.940100308091578 -0.7431448179957298
-0.2513770595827649 0.2079116891383948 -2.940100305551916 0.994521902699511
1.737666704668613 0.5877852539843675 1.945578409169596 -1.609170249127828
1.817081928286826 -2.35231505771182 0.000000001382778502811988 0.951056493262125
1.945578429394319 -1.609170233856232 0.2513770725264817 1.81708189666152
2.352315061074024 -0.2079116935110756 1.945578412453938 0.6146483062363824
0.6146483413880086 -1.945578413703152 -2.19695548024545 0.866025397203322
0.4067366514889017 2.940100305629769 -0.7431448246787583 0.6146483359978383
0.2079116604364889 0.2513770749377635 -0.994521899740706 -2.940100307269599
1.945578434938552 0.6146483286429564 0.866025406914669 2.196955461177386
0.994521884510926 -2.560226744756991 -1.202433587443539 -0.866025416871761
-0.2079116821082969 1.609170228010028 -2.560226744494532 0.7431448342849192
1.202433560286631 0.866025407514999 0.994521891486319 -2.560226757966905
0.6146483522341679 2.404867169048609 -0.994521893091775 1.609170228630111
0.7431447945162447 -0.6146483292065762 -0.4067366474504637 -2.940100315232136
1.609170237850031 -2.404867175293881 -0.6146483324336788 0.994521875309239
2.196955497350737 -1.330930082157291 0.7431448277831699 1.609170203001745
2.404867182343149 -0.6146483373092066 1.609170230624452 0.994521866941282
2.196955476115791 -1.817081920871109 1.202433585521541 -0.4067366708797826
0.994521903592117 -2.196955483999264 -1.737666719423571 0.951056504645849
1.202433609819475 -0.994521900437363 -1.330930074320662 2.352315042466915
0.2513770877656101 1.817081916983555 -1.945578409349531 1.609170232763202
1.202433556898512 -0.2079116866529628 0.587785248071066 -2.811603829163685
2.352315067910814 -0.994521899356972 1.202433588061207 1.330930049815457
1.330930086363686 -2.352315057482561 -1.202433584712852 0.994521879159914
0.7431448000604785 1.60917023329261 0.207911686937726 -2.560226750716267
-0.2079116915417314 2.196955482003442 -2.196955481918093 -0.2079116815037705
1.60917024869619 1.945578407457885 0.5877852547199957 1.737666706736028
1.202433610241836 1.817081915314756 -0.4067366399424661 2.196955472909169
0.994521869247306 -1.609170225709661 -0.6146483374587747 -2.404867184639912
0.5877852307929542 -1.737666717852792 -1.609170232121234 -1.945578418466771
0.994521900063133 2.940100305889323 0.207911691046988 0.2513770644882034
-0.0000000250585976968587 0.000000004212289406169134 -1.989043794297607 -2.404867169426739
0.6146483571955587 0.86602539938757 -1.945578408469581 2.19695547959665
1.737666697432692 -0.951056513587898 0.994521892051035 -2.196955502746231
1.609170207805894 -1.817081917750961 0.2513770669791917 -1.945578431960455
0.6146483538074403 -0.2079116947803921 -2.352315051884833 1.945578408399869
1.202433613308145 0.866025398356194 -0.994521891667988 2.560226736092376
2.196955467306602 -0.7431448246143746 1.60917022719604 -1.330930104267951
1.817081908551161 -2.352315054332124 -0.000000001433823615393237 -0.951056539328182
1.737666747387899 -0.000000005788142409812735 -0.4067366393777473 2.56022672812984
2.196955469462715 0.4067366437168497 1.817081918168974 -1.20243361094886
0.2513770799054484 -0.207911692852036 -2.940100305566148 0.994521896744269
2.196955500336733 0.994521890758877 0.951056518720224 1.737666698409602
0.994521883856455 -2.196955480619564 -1.737666722240172 -0.951056527944454
1.20243356469571 1.817081923146741 0.4067366397027419 -2.196955491403998
0.99452189482446 2.940100306769931 -0.2079116913329946 -0.2513770746778137
0.2079116667406545 0.6146483378670274 -1.945578415176563 -2.352315052923367
0.6146483051950079 0.7431448300101593 -0.951056520514105 -2.811603819096506
-0.000000003130597003853097 1.737666721490219 -2.560226746212303 -0.4067366361971763
0.5877852563701067 2.811603814626805 -1.202433585995458 0.2079116914953285
2.352315051241459 -1.945578412935834 0.6146483335190856 -0.2079117195916387
1.737666742915855 -0.951056521455773 -0.994521892179114 2.196955463307688
0.2079116976146685 1.202433584909056 -2.81160381462532 0.5877852564350952
1.73766669877547 0.951056519002408 0.994521891992982 -2.196955499366534
1.817081934128314 2.196955478147475 0.4067366446919511 1.202433570633915
0.7431448038867164 -1.202433583235869 -1.945578414611847 -1.989043797702693
2.352315068208069 1.330930074003138 0.994521896982194 1.202433562671383
2.560226738079321 0.2079116903799458 1.609170228017932 -0.7431448540548051
0.7431448347607311 -0.6146483361938415 -2.811603814060602 0.951056511655771
0.951056504631983 -1.737666719817031 -2.196955483024862 -0.994521905070421
0.951056510536435 2.811603816078148 -0.6146483351307412 -0.7431448294393746
0.406736621032474 1.202433589747019 -1.817081923391266 -2.196955480947275
1.202433556835548 -0.2079116866888469 -0.5877852565138775 -2.81160382742293
0.994521909433607 2.352315051860032 -1.330930076114397 1.202433582017645
0.7431448403049652 1.609170226305345 -2.196955479672413 1.330930076171636
1.737666694303422 0.000000003334777565200397 0.406736639191612 -2.560226764188688
1.202433604634641 -0.4067366472203166 -2.1969554789156 1.817081910134053
2.560226734691205 -0.866025403788017 1.202433584602678 -0.994521925251587
1.609170212637339 1.945578413632905 0.587785249573809 -1.737666734955296
0.207911685417359 1.202433586997827 -2.811603816366073 -0.587785248149846
1.945578401094003 -2.196955481407757 -0.6146483352130914 -0.866025426964503
2.196955504484783 0.2079116853569208 -0.207911687688577 2.196955459436749
1.330930052460948 -1.202433582976316 -0.994521898886101 -2.352315069212327
1.609170248633229 1.945578407422003 -0.5877852498649483 1.737666708476778
2.404867170967913 -1.989043792434233 -0.00000000006808936747759731 -0.00000002848621860618294
2.196955501096664 -0.86602540881104 -0.6146483311038279 1.945578388239969
1.202433606790756 0.7431448211109076 -1.989043787942663 1.945578403453141
2.196955460789211 -0.86602540185966 0.6146483309213615 -1.945578436907184
0.866025393062498 2.560226747051772 -0.99452189727333 -1.202433589149902
0.5877852332463264 1.737666723838541 -1.609170232227309 -1.945578412291753
1.945578391660569 -1.609170227414344 -0.2513770726366527 -1.817081942753193
1.737666744258628 0.951056511134534 -0.994521892237172 2.196955466687385
0.7431448250413477 2.560226745352677 -1.609170229687646 -0.207911691596512
0.994521869606707 1.202433590006574 -0.866025407665519 -2.560226752456907
0.7431448102608316 2.196955483848262 -1.330930080259539 -1.609170231098057
2.404867179938672 1.609170226502389 0.994521896100508 0.6146483103280302
0.866025392479654 -1.202433585108459 -2.560226747039326 -0.994521902699237
1.94557840063133 1.989043791522271 0.7431448235319484 -1.202433603938941
0.4067366356416201 0.6146483348371204 -2.940100308172668 -0.7431448242518165
1.202433594332412 -0.994521897834026 -2.560226744308638 0.866025393332438
2.811603812910939 -0.000000001497542090334036 1.330930077247048 -0.2513771010339046
1.94557841971252 2.352315052279999 0.207911691551914 0.6146483175786681
2.196955464277879 0.994521896933899 0.951056513574037 -1.737666743281723
0.6146483384808599 0.743144824231056 -2.940100306485012 0.406736642372472
0.866025383046219 -0.6146483311150459 -2.196955484462888 -1.945578418487923
2.352315056072903 1.817081918448034 0.951056516113704 -0.0000000225864837388734
0.7431448150250686 -0.6146483328141413 -2.811603816877201 -0.951056520934534
2.19695547659676 1.945578411231062 0.866025402697232 -0.6146483545138578
0.5877852431494237 0.000000001034087260265437 -2.940100308345565 -0.866025405529473
2.352315055490058 -1.945578413712197 -0.6146483336522901 0.207911663864185
2.56022676171742 -0.7431448301502936 -0.2079116885493801 1.609170201685251
1.989043781588066 -1.94557841178384 -1.202433587333607 -0.7431448477914165
2.560226763873535 0.4067366381809334 0.000000002423556688668782 1.73766669500434
2.940100309546384 -0.2079116933095762 0.994521895589383 0.251377037543345
1.609170235915218 -1.330930080293327 -2.196955480499433 0.743144809669579
1.73766673702271 -0.5877852564377378 -1.945578409355731 1.609170213068979
2.811603808438895 -0.951056517165172 0.7431448244456807 -0.6146483658560575
1.330930056071188 1.609170232203176 -0.7431448288509845 -2.196955491403944
0.866025398853769 2.196955481975677 -1.945578412687017 -0.6146483360945986
2.811603827520083 -0.5877852564074391 0.2079116924656486 1.202433555661557
2.196955484427308 -1.817081922389902 -1.202433585645947 0.4067366188328735
2.940100314488091 -0.406736646452991 0.6146483348489359 0.7431447933390892
1.945578416533034 -1.609170231732713 -1.737666720030373 0.5877852318197241
1.609170202804773 0.2079116942081478 -0.7431448293610405 -2.560226760783319
1.989043792434227 2.404867170967923 -0.0000000001799316251549499 -0.00000001636462765297608
1.330930086945203 2.196955479245205 -1.609170228299739 0.7431448179545175
0.951056497315752 0.000000002485429639875747 -2.352315057480848 -1.817081926464176
2.196955458917358 0.2079116931767722 0.2079116874405496 -2.196955504287592
1.20243359731841 1.330930075082143 -2.352315053371582 0.994521888740296
2.560226733829396 0.994521895723848 0.866025401836426 -1.202433612265356
1.60917020587108 -0.7431448227504106 -1.330930081086564 -2.196955497600114
0.994521897545477 0.2513770687296471 -2.94010030678476 0.2079116852992156
1.945578425503793 1.989043787203909 -0.7431448238617727 1.20243357063397
1.609170212574375 1.945578413597022 -0.5877852550111334 -1.737666733214547
0.951056507085355 1.737666721874302 -2.196955483130938 -0.994521898895402
1.737666737852588 0.5877852481472106 -1.945578409391612 1.609170215157746
2.560226728347307 -0.7431448244192131 0.2079116883204979 -1.609170257454149
2.196955463878749 -1.330930076484267 -0.7431448279372526 -1.609170253321059
2.196955500234857 0.994521890700824 -0.95105651387008 1.737666701226194
1.945578406935496 2.352315054451539 -0.2079116919039121 -0.614648349592708
0.994521878977179 0.6146483359772819 -2.404867174826902 -1.609170234927466
1.945578404335721 -1.609170229643945 -1.737666721771128 -0.5877852727652205
2.811603828349965 0.5877852481775056 0.2079116924297661 1.202433557750326
1.817081909132683 2.196955482395643 -0.4067366450207056 -1.202433600533575
0.994521882281857 1.202433587776977 -2.352315056799993 -1.330930082468934
2.196955494752767 -0.7431448294422369 -1.609170227386004 1.330930056037406
2.940100304185867 -0.994521897066707 0.2513770694558978 -0.2079117234625264
2.811603809781665 0.951056515425137 0.7431448243876241 -0.6146483624763571
1.330930077441818 -0.25137707091625 -2.811603815511468 -0.00000001009257161177501
2.940100313955465 0.7431448223221677 0.4067366438058042 0.6146483041062462
1.817081914892917 -1.202433586813141 -2.196955482217206 -0.4067366608125178
2.94010030767453 0.866025401726854 0.5877852521085717 -0.00000002983706764991823
1.60917022644287 -0.7431448263220931 -2.560226745928353 -0.2079117050432661
2.560226755200031 -0.866025407395581 -1.202433584824057 0.994521869046016
2.940100308473378 -0.994521897820893 -0.2513770697101196 0.2079116589174559
1.945578389256094 0.6146483363972505 -0.866025407160593 -2.196955499366441
1.609170233146166 1.945578410025341 -1.817081919852924 0.2513770593423023
1.817081899629296 -0.2513770677658114 -1.609170232232441 -1.945578428580667
2.196955489258751 1.945578408993966 -0.86602540305133 0.6146483158380263
2.811603821114047 -0.951056519394768 -0.7431448246887942 0.614648304131916
2.560226727814681 0.4067366443559498 -0.000000002722630787488356 -1.737666746686987
1.609170236212474 0.994521893066779 -2.404867171578445 0.6146483225255082
2.352315040163478 -0.994521894700748 -1.202433588252468 -1.330930102163214
2.560226758688699 0.994521891397982 -0.866025402171381 1.202433562671473
2.196955494220142 0.4067366393329259 -1.817081918429135 1.202433566804564
2.811603802545746 -0.5877852521471346 -0.2079116927309394 -1.202433616094767
1.817081918503157 1.609170228366353 -1.94557841218209 -0.2513770830041332
2.196955464176007 0.994521896875841 -0.951056519016263 -1.73766674046513
2.352315055971028 1.817081918389975 -0.951056516476598 -0.00000001976988861507323
1.945578395047365 0.2513770713211545 -1.817081922574281 -1.60917024631114
2.811603803375626 0.5877852524378111 -0.2079116927668185 -1.202433614005997
1.945578414128556 0.6146483320788838 -2.352315054554314 0.2079116752064706
2.404867161533154 -0.6146483338732835 -1.609170230844533 -0.994521919029635
2.81160382245682 0.951056513195539 -0.74314482474685 0.614648307511615
2.560226753328179 0.2079116876408547 -1.609170228304866 0.7431448016656064
2.940100299001027 -0.4067366438496579 -0.6146483351390428 -0.7431448557953916
2.352315043149473 1.330930078215424 -0.994521897315415 -1.202433606755358
1.945578404695123 1.202433586072294 -1.989043791977874 -0.7431448405822142
2.404867167077388 1.609170228625907 -0.994521896456342 -0.6146483545137662
1.989043778680919 0.7431448261503693 -1.945578413573167 -1.202433602622268
2.940100301157141 0.7431448244815686 -0.4067366441661051 -0.614648362476302
2.196955479426187 0.2079116895692092 -2.196955481986182 -0.2079117099899927
2.940100307611571 0.866025401690971 -0.5877852524763705 -0.00000002809631449718353
2.352315048110867 -0.2079116914456163 -1.94557841269322 -0.6146483557888213
2.940100304223451 -0.2079116924769899 -0.994521895891628 -0.251377099293097
2.811603817984776 -0.000000002472089935534605 -1.330930077548218 0.2513770426894624