4OFF
# Vertices for 5{5/2}5 , 4D real representation
120

# Vertices.  Each line is the XYZW coordinates of one vertex.
0.983939970433806 0.2614127844966393 -0.4156269379352272 -0.4156269365634576
0.4846859694179694 0.7225271748617165 -0.4156269417604408 -0.6724985123914212
0.7460987574774776 0.807809940461032 -0.4156269426216385 -0.00000000002793258159494716
0.845949557769795 0.6843875670182744 0.1587553601590044 -0.4156269369167312
0.5228255809035076 0.4229747704093267 -0.929370088271518 -0.2568715745783861
0.4846859692969543 0.06171118180826979 -0.6724985109897887 -0.831253875283067
0.6843875695803541 0.2232731752067625 0.0000000001639953450816023 -0.92937008510447
1.107362345754511 0.3612635886010448 -0.000000001229451762618794 0.1587553652833966
0.907660745471111 0.1997015952025516 -0.6724985123832361 0.2568715751047992
0.2995524030915125 1.107362344913427 -0.000000007418777148160416 -0.256871575149995
0.0998508028081123 0.945800351514934 -0.6724985185725614 -0.158755365328592
1.069222734147958 -0.00000000000001210143096841421 0.2568715760522779 -0.4156269354212848
0.7460987572816709 -0.2614127966089594 -0.831253872378245 -0.2568715730829398
0.845949557573988 -0.3848351700517169 -0.2568715695976024 -0.6724985099717382
1.107362345633496 -0.299552404452402 -0.2568715704588005 0.000000002391750348121335
-0.06171118538132792 0.4846859597034221 -0.831253878567571 -0.6724985135163313
0.2614127914849589 0.7460987563123693 0.256871569862952 -0.831253875854676
0.361263590792829 0.6226763730977045 -0.831253879961018 0.4156269368715354
0.6843875676591163 0.884089169706652 0.2568715684695055 0.2568715745331903
0.03813961491098908 0.361263586260664 -0.2568715757869276 -1.088125450405129
0.722527179144654 0.5845367652542619 -0.2568715780415733 0.6724985123462263
-0.1997015980453407 0.907660742225057 -0.2568715804733396 -0.6724985138696051
0.2232731781288171 1.04565115561934 -0.2568715818667866 0.415626936518262
0.6226763797619926 0.2995524044523829 0.6724985112551386 -0.6724985105433468
0.0998508026123054 -0.1234223855550583 -1.088125448329169 -0.4156269383835999
0.884089167821501 0.3848351700516978 0.6724985103939416 0.00000000182014180116763
0.361263590671814 -0.03813961995574291 -1.088125449190367 0.2568715739798892
0.3848351668056635 0.845949560416776 0.6724985065687282 -0.2568715740078216
-0.1379904103440234 0.4229747704093341 -1.088125453015581 -0.000000001848074832055957
0.2614127912891524 -0.3231239807576217 -0.1587553598936544 -1.088125448909683
0.945800355522817 -0.0998508017640248 -0.1587553621482995 0.6724985138416724
0.6226763796409776 -0.3612635886010641 0.415626942025791 -0.831253873434993
0.2995524027746901 -0.6226763852100115 -0.6724985064047323 -0.6724985110966482
0.7225271789488479 -0.48468597181573 -0.6724985077981801 0.4156269392912185
1.045651155815135 -0.2232731752067824 0.4156269406323437 0.2568715769528733
0.1234223786251402 0.0998508017640132 0.4156269382005775 -1.088125449262957
-0.1997015982411468 -0.1615619948449348 -0.6724985102299456 -0.929370086924612
0.807809942858806 0.3231239807576101 0.4156269359459323 0.6724985134883986
0.4846859659925186 0.06171118414866255 -0.6724985124845912 0.831253875826744
-0.3612635881560184 1.107362344913434 -0.1587553721628383 -0.000000002419683614834178
0.6843875673422943 -0.845949560416787 -0.4156269305164506 -0.1587553614134629
0.884089167625694 -0.6843875670182934 0.2568715806373342 -0.256871571234865
-0.2614127878637011 0.983939971470677 0.4156269306178046 -0.4156269393084817
-0.5845367647299882 0.7225271748617286 -0.6724985178127186 -0.2568715769701365
0.0000000001958069539842455 1.069222737069992 0.4156269297566067 0.2568715730550072
-0.3231239766704803 0.807809940461044 -0.6724985186739172 0.4156269353933522
0.2232731778119954 -0.6843875745040993 -0.929370080852742 0.0000000005716087464469055
0.7460987549616824 -0.2614127844966594 0.831253878731567 -0.2568715715881387
-0.6226763763365415 0.361263586260672 -0.4156269405309889 -0.831253877674818
-0.4229747760531418 0.5228255796591648 0.2568715706227955 -0.92937008749622
0.06171118789712358 0.5845367652542697 -0.4156269427856341 0.929370085076537
0.2614127881805235 0.7460987586527628 0.2568715683681505 0.831253875255136
-0.06171118770131656 0.4846859718157226 0.831253872542241 -0.6724985120215305
0.3612635884728407 0.622676385210005 0.831253871148794 0.415626938366336
-0.584536764851004 0.06171118180828127 -0.929370087042068 -0.4156269398617831
-0.1615619886768464 0.1997015952025647 -0.929370088435513 0.6724985105260836
0.3848351664888416 -0.884089169706663 0.000000007582772576508745 -0.672498509954475
0.807809942662999 -0.7460987563123814 0.000000006189324552874353 0.4156269404333911
0.3231239768662875 0.2614127966089477 1.088125448430523 -0.1587553623383453
-0.4229747761741571 -0.1379904133942816 0.000000001393447690567484 -1.088125450387867
-0.3231239768662869 -0.2614127966089479 -1.088125448430524 0.158755362338345
0.4229747761741576 0.1379904133942825 -0.000000001393446968922518 1.088125450387867
-0.807809942662999 0.746098756312382 -0.000000006189325468808349 -0.4156269404333918
-0.3848351664888414 0.884089169706664 -0.000000007582772520997594 0.6724985099544743
0.1615619886768469 -0.1997015952025635 0.929370088435514 -0.6724985105260838
-0.36126358847284 -0.6226763852100041 -0.831253871148793 -0.4156269383663362
0.5845367648510042 -0.06171118180828151 0.929370087042067 0.4156269398617829
0.06171118770131645 -0.4846859718157216 -0.831253872542241 0.6724985120215297
-0.2614127881805231 -0.7460987586527615 -0.2568715683681504 -0.831253875255135
-0.06171118789712297 -0.5845367652542691 0.4156269427856341 -0.929370085076537
0.6226763763365422 -0.3612635862606719 0.4156269405309886 0.831253877674818
0.4229747760531421 -0.5228255796591652 -0.2568715706227959 0.92937008749622
-0.2232731778119949 0.6843875745041004 0.929370080852742 -0.000000000571608857469208
-0.7460987549616823 0.2614127844966597 -0.831253878731566 0.2568715715881381
0.3231239766704805 -0.807809940461044 0.6724985186739163 -0.4156269353933528
-0.0000000001958067874507918 -1.069222737069991 -0.4156269297566072 -0.2568715730550069
0.5845367647299891 -0.7225271748617288 0.672498517812719 0.2568715769701364
0.2614127878637022 -0.983939971470677 -0.4156269306178048 0.4156269393084817
-0.6843875673422941 0.845949560416788 0.4156269305164499 0.1587553614134627
-0.884089167625694 0.6843875670182943 -0.2568715806373345 0.256871571234865
0.3612635881560183 -1.107362344913434 0.158755372162838 0.00000000241968282957734
-0.4846859659925185 -0.06171118414866196 0.6724985124845907 -0.831253875826744
-0.807809942858805 -0.3231239807576096 -0.4156269359459324 -0.6724985134883989
0.1997015982411469 0.1615619948449349 0.6724985102299455 0.929370086924612
-0.1234223786251399 -0.0998508017640125 -0.415626938200577 1.088125449262957
-0.7225271789488472 0.4846859718157305 0.6724985077981797 -0.415626939291219
-1.045651155815134 0.2232731752067824 -0.4156269406323435 -0.2568715769528733
-0.2995524027746898 0.6226763852100121 0.6724985064047325 0.6724985110966479
-0.6226763796409774 0.3612635886010647 -0.4156269420257911 0.831253873434993
-0.945800355522817 0.0998508017640246 0.1587553621482997 -0.672498513841672
-0.261412791289152 0.3231239807576227 0.1587553598936546 1.088125448909684
0.1379904103440236 -0.4229747704093336 1.088125453015579 0.000000001848073999388689
-0.3848351668056635 -0.845949560416774 -0.6724985065687276 0.2568715740078219
-0.3612635906718136 0.03813961995574342 1.088125449190366 -0.2568715739798897
-0.884089167821501 -0.3848351700516973 -0.6724985103939413 -0.000000001820142578323747
-0.099850802612305 0.1234223855550584 1.088125448329169 0.4156269383835994
-0.6226763797619927 -0.2995524044523826 -0.6724985112551395 0.6724985105433468
-0.2232731781288167 -1.045651155619338 0.2568715818667857 -0.4156269365182619
0.1997015980453402 -0.907660742225057 0.2568715804733388 0.6724985138696045
-0.7225271791446534 -0.584536765254261 0.2568715780415728 -0.6724985123462255
-0.03813961491098854 -0.3612635862606642 0.2568715757869273 1.08812545040513
-0.3612635907928288 -0.6226763730977034 0.831253879961018 -0.4156269368715354
-0.6843875676591158 -0.884089169706651 -0.2568715684695055 -0.2568715745331902
0.06171118538132825 -0.4846859597034221 0.831253878567571 0.6724985135163308
-0.2614127914849587 -0.7460987563123693 -0.2568715698629529 0.831253875854676
-1.107362345633496 0.2995524044524025 0.2568715704588 -0.000000002391751015989874
-0.845949557573987 0.3848351700517172 0.2568715695976021 0.6724985099717376
-0.7460987572816702 0.2614127966089596 0.831253872378245 0.2568715730829388
-1.069222734147957 0.00000000000001210143096841421 -0.2568715760522775 0.4156269354212842
-0.2995524030915122 -1.107362344913426 0.000000007418777092649265 0.2568715751499943
-0.0998508028081123 -0.945800351514933 0.6724985185725606 0.1587553653285922
-0.907660745471111 -0.1997015952025513 0.6724985123832356 -0.2568715751047995
-1.107362345754511 -0.3612635886010442 0.000000001229451762618794 -0.1587553652833968
-0.4846859692969537 -0.06171118180827023 0.6724985109897883 0.831253875283067
-0.684387569580354 -0.2232731752067627 -0.0000000001639955948817828 0.92937008510447
-0.5228255809035071 -0.4229747704093262 0.929370088271518 0.2568715745783853
-0.845949557769794 -0.6843875670182735 -0.1587553601590044 0.4156269369167306
-0.7460987574774771 -0.807809940461031 0.4156269426216386 0.00000000002793202821815832
-0.4846859694179692 -0.7225271748617158 0.4156269417604403 0.6724985123914207
-0.983939970433806 -0.2614127844966392 0.4156269379352277 0.4156269365634574