4OFF
# Vertices for 4{4}2 , 4D real representation
16

# Vertices.  Each line is the XYZW coordinates of one vertex.
0.7071067758832833 0.7071067168318663 -0.707106783976475 0.707106848054562
0.7071067771106769 -0.7071068455412233 -0.7071067871272243 0.7071067149670611
0.7071067782111548 0.7071067136811175 0.7071067783966198 0.7071068544572916
0.707106779438549 -0.7071068486919727 0.7071067752458719 0.7071067213697908
-0.7071067864898117 0.7071067156044729 -0.7071067816486016 0.7071068410032987
0.7071067829345465 0.7071068499193655 -0.7071067775737456 -0.7071067143185271
-0.707106785262418 -0.7071068467686162 -0.7071067847993505 0.7071067079157977
-0.7071067841619398 0.7071067124537239 0.707106780724494 0.7071068474060285
0.7071067852624183 0.7071068467686165 0.70710678479935 -0.7071067079157974
0.7071067841619399 -0.7071067124537241 -0.707106780724494 -0.7071068474060281
-0.7071067829345454 -0.707106849919365 0.707106777573745 0.7071067143185274
0.707106786489812 -0.7071067156044731 0.7071067816486019 -0.7071068410032984
-0.7071067794385486 0.7071068486919719 -0.7071067752458722 -0.7071067213697906
-0.7071067771106765 0.7071068455412233 0.7071067871272234 -0.7071067149670606
-0.707106778211155 -0.7071067136811173 -0.7071067783966201 -0.7071068544572916
-0.7071067758832826 -0.707106716831866 0.7071067839764752 -0.7071068480545614