4OFF
# Vertices for 3{4}4 , 4D real representation
72

# Vertices.  Each line is the XYZW coordinates of one vertex.
-1.866025411762618 -0.866025353617263 0.5000000225488257 0.5000000345683064
-1.366025426596486 -0.4999999282479143 -0.866025398475159 1.366025410601427
-0.866025450268133 -1.866025368948581 -0.5000000006253742 0.5000000488716992
-1.866025420485952 0.00000005825710511220272 -0.999999972780453 0.4999999921082074
-1.366025395799045 -0.4999999375893614 0.86602540909372 1.366025431247764
-1.866025425588446 -0.999999975518543 0.00000003374643020581658 -0.4999999675892629
-0.5000000228101122 -0.866025337763287 -0.5000000180236082 1.866025423483601
-1.000000052599514 -1.366025375692467 -1.366025393370894 0.0000000246465733377832
-0.5000000279126064 -1.866025371538935 0.499999988503277 0.866025463786129
-1.366025380110859 1.000000067081362 0.00000001339920913112636 1.366025378351055
-1.866025375866551 0.866025453951616 0.5000000318902728 0.4999999854086159
-1.866025409900259 0.5000000291521816 -0.866025361948079 -0.5000000204859719
-0.4999999781907129 0.00000005793122346067769 0.999999986647118 1.866025416784007
-1.366025433571906 -0.866025411548487 -0.4999999640982934 -1.366025382215702
-0.866025448405774 -0.4999999861791356 -1.866025385122277 -0.5000000061825797
-0.00000004138313408619254 -0.4999999615536296 -1.866025418401255 0.999999991947843
-0.866025408885 -1.366025407394952 1.366025417775879 -0.499999943076146
-0.000000001862358600668301 -1.366025382769446 1.366025384496905 1.000000055054279
0.499999983303773 -0.999999957400096 -0.00000003652708080448264 1.8660254310874
-0.5000000316517593 -1.866025420698626 0.5000000091496164 -0.866025343782747
0.4999999492700645 -1.36602538219953 -1.366025430365432 0.866025425192811
-1.866025379102818 0.5000000198107349 0.8660254456208 -0.4999999998396333
-0.4999999869140453 0.866025469805592 -0.5000000086821608 1.86602537432391
-0.5000000209477552 0.500000045006159 -1.866025402520511 0.866025368429321
-0.999999977182672 -0.4999999893394058 1.866025418868709 0.00000003859331831890245
-0.00000004972189467100652 -1.866025429470159 -0.4999999981438419 -0.999999952997879
0.866025357300747 -1.866025404844651 -0.5000000314228172 0.5000000451325467
-0.866025398683881 1.366025443291021 -1.366025386978435 0.4999999468152981
-0.866025359163105 0.5000000220752055 1.866025415919721 0.5000000099217337
-1.366025388952506 -0.00000001585397674253031 1.000000040572431 -1.366025388915293
0.499999998991958 0.5000000472706287 -0.866025432221592 1.866025378190691
0.4999999455309117 -1.366025431359221 -1.366025409719094 -0.866025382376066
0.999999970217819 -1.866025427205687 0.4999999721550783 0.00000005676348990846236
-1.366025397675839 0.866025396020393 -0.4999999547568464 -1.366025431375391
0.5000000297893996 0.5000000379291829 0.866025375347289 1.866025398837028
-0.5000000246869072 0.4999999958464667 -1.86602538187417 -0.866025439139554
0.5000000246869066 -0.4999999958464665 1.866025381874172 0.866025439139557
-0.5000000297894013 -0.5000000379291815 -0.866025375347288 -1.866025398837027
1.366025397675839 -0.866025396020392 0.4999999547568463 1.366025431375392
-0.999999970217819 1.866025427205687 -0.4999999721550769 -0.00000005676348985295121
-0.4999999455309131 1.36602543135922 1.366025409719092 0.866025382376065
-0.4999999989919596 -0.5000000472706274 0.86602543222159 -1.86602537819069
1.366025388952505 0.00000001585397613190764 -1.000000040572435 1.366025388915295
0.866025359163105 -0.5000000220752048 -1.866025415919722 -0.5000000099217333
0.86602539868388 -1.366025443291021 1.366025386978437 -0.4999999468152968
-0.866025357300746 1.866025404844648 0.5000000314228171 -0.5000000451325456
0.00000004972189301954977 1.866025429470156 0.4999999981438414 0.999999952997877
0.99999997718267 0.4999999893394059 -1.86602541886871 -0.00000003859331709765712
0.5000000209477539 -0.5000000450061578 1.866025402520509 -0.866025368429321
0.4999999869140434 -0.866025469805592 0.5000000086821598 -1.866025374323909
1.866025379102818 -0.500000019810736 -0.866025445620802 0.4999999998396355
0.5000000316517578 1.866025420698625 -0.5000000091496142 0.866025343782748
-0.4999999492700652 1.366025382199529 1.36602543036543 -0.866025425192811
-0.4999999833037742 0.999999957400096 0.00000003652708091550494 -1.866025431087398
0.000000001862357490445277 1.366025382769444 -1.366025384496902 -1.000000055054278
0.866025408884998 1.366025407394953 -1.36602541777588 0.499999943076146
0.000000041383132420858 0.4999999615536293 1.866025418401253 -0.999999991947843
0.866025448405773 0.4999999861791369 1.866025385122276 0.5000000061825821
1.366025433571904 0.866025411548486 0.4999999640982918 1.366025382215701
0.4999999781907109 -0.00000005793122249617144 -0.999999986647118 -1.866025416784007
1.866025409900258 -0.500000029152181 0.866025361948077 0.5000000204859721
1.366025380110858 -1.000000067081364 -0.00000001339921051890514 -1.366025378351055
1.86602537586655 -0.866025453951615 -0.5000000318902728 -0.4999999854086163
1.000000052599511 1.366025375692467 1.366025393370893 -0.00000002464657239409362
0.5000000279126055 1.866025371538934 -0.4999999885032756 -0.866025463786128
0.5000000228101122 0.866025337763286 0.5000000180236062 -1.866025423483599
1.866025425588442 0.999999975518542 -0.0000000337464312050173 0.4999999675892633
1.366025395799043 0.4999999375893603 -0.866025409093719 -1.366025431247764
1.86602542048595 -0.00000005825710572282539 0.999999972780451 -0.4999999921082079
0.866025450268131 1.866025368948579 0.5000000006253735 -0.5000000488716968
1.366025426596485 0.4999999282479139 0.866025398475158 -1.366025410601425
1.866025411762617 0.866025353617262 -0.5000000225488267 -0.5000000345683063