4OFF
# Vertices for 5{3}5 , 4D real representation
120

# Vertices.  Each line is the XYZW coordinates of one vertex.
1.503754027289586 -0.6724950906756195 -0.6724981712560919 -0.6724986073105494
0.6725001352451086 -1.34499502326776 -1.088125314815423 -0.4156311387371977
0.6725015079786743 -1.088119914007497 -0.4156266075147057 -1.34500010646186
0.6725008388556261 -0.4156223503821089 -1.344996718918165 -1.088126140872729
1.088126991165633 -1.503750202694044 0.000000193061741871059 -0.4156308070202279
1.344996997242723 -1.088126284230872 -0.6724984289501005 0.4156249737245129
1.088125908501798 -0.4156262873966697 -1.503752235317333 0.0000000001279596992601051
-0.2568689209772355 -1.08812137811582 -1.088125314440435 -1.088130282984121
1.34499921837229 -0.6724936265839253 0.4156273368528299 -1.088125604143397
1.088128129631364 0.000006370250276749312 -0.4156264695144025 -1.50375057773995
0.000002167763688720736 -1.760621374950021 -0.256871508073202 -0.6725053093875678
1.344998135708456 0.4156302887134498 -1.088125091526245 -0.6724947969952096
0.000001085099854303273 -0.672497459652647 -1.760623936452277 -0.2568745022393807
1.760624288018461 -0.6724975635984856 0.2568718204536614 0.0000005368572907511748
0.41562723740986 -1.760625311964583 -0.4156270244723695 0.4156208316131198
1.760623618895414 0.00000000002690317413289733 -0.672498290949799 0.2568745024464239
0.4156265682868122 -1.088127748339193 -1.344997135875829 0.6724947972022513
1.760624991628979 0.256875109287165 0.0000004163509205179494 -0.6724944652782402
-0.4156259510240988 -1.503752571671071 -1.088125572134443 -0.000006701949058909168
0.000003306229421740081 -0.2568648020057 -0.6724981706493467 -1.760625080107289
0.415629458539427 -1.344992654317635 0.6724987413305584 -1.088129746254789
0.4156277067525446 0.4156288246051279 -1.760623798451976 -0.4156249735174697
1.088124947803475 -1.344999024541009 0.4156269198951643 0.672495333931583
1.08812386513964 -0.2568751092436355 -1.088125508483908 1.088126141079769
-0.4156237298945323 -1.088119914024125 0.0000001936684855818882 -1.503757279816968
0.4156301621499457 -0.4156199814319847 0.4156273372278187 -1.760624748390319
0.4156290794861119 0.6725039338653901 -1.088125091151256 -1.344993941242133
-0.4156248125583666 0.000004001273248899206 -1.503752234710587 -1.088126472668781
1.088126320537041 -1.088123915280747 1.088125627195882 -0.2568736337930805
0.2568724284925633 -1.760623847872888 0.6724984836365509 -0.000006165219727696791
1.088124568750159 0.6724975636420164 -1.344996912586651 0.4156311389442397
0.2568706767056809 -0.000002368950124453928 -1.760624056145983 0.6724986075175919
1.503750721060165 -0.4156302886699193 -0.0000000006067448765634254 1.088126472796741
0.6724968290156871 -1.088130221262059 -0.4156271441660772 1.344993941370092
1.088127459002774 0.4156326576635733 0.6724989646197381 -1.344993404512802
-1.088123483650304 -1.344995023294663 -0.4156270238656258 -0.6725056411836202
1.088126789879726 1.088130221288963 -0.256871146783722 -1.08811943892367
-1.088124152773351 -0.6724974596692741 -1.344997135269085 -0.4156316755944883
-0.6724980004633459 -1.76062531198121 -0.0000002232891785913793 0.2568636582580118
1.503752942189731 0.000002368977028044394 1.088125765196184 -0.4156241050711698
1.503751859525898 1.088126284274402 -0.4156266631828896 0.00000670207701867348
-0.6724990831271804 -0.6725013966838355 -1.503752651668252 0.6724944654061991
1.760622948266823 0.4156262874402011 0.4156271431843428 0.4156316756735714
-0.4156279943862574 -1.345001393518038 -0.672498845301021 1.088119439002753
0.2568742705688155 0.672505397957084 0.0000004169576643953121 -1.76062093807498
-1.088122780039786 -0.4156223504090121 -0.6724984279683667 -1.345000643319151
0.6725004228788202 -0.4156224543548515 1.344997328937571 -1.08812560422248
-0.6724966277297803 -1.503750202720948 0.6724984840115385 -0.6725053094666501
-0.6724983795166612 0.2568712762018149 -1.760624055770993 -0.000000536729331548913
0.6724986710919381 1.344999024567912 -1.088125210844963 -0.4156208314851603
1.344995912142867 -0.415628824578225 1.088125507502176 0.6724994759638915
-0.000001138465732145044 -1.503756572944321 0.4156266625761443 1.088119770719722
-0.000002221129567270275 -0.4156326576469477 -1.088125765802929 1.503750577867909
1.344994829479035 0.6724950907191502 -0.415626920876899 1.088130283112082
-0.6724954892640472 0.000006370223373228234 0.2568718214353946 -1.760625080186372
-0.4156244005231231 -0.672493626610828 1.088125627802627 -1.34500010658982
-0.6724961583870948 0.6725039338487622 -0.6724982899680651 -1.50375111459724
0.000001082663834139908 -1.088123915297374 1.503752428379073 -0.4156308071481872
1.344997050608602 1.088127748366096 0.6724988449260307 -0.4156202947558293
-0.4156261523100038 1.088127852311935 -1.344996911979905 -0.6724953338524998
-1.344997050608598 -1.088127748366096 -0.6724988449260314 0.4156202947558292
0.4156261523100059 -1.088127852311935 1.344996911979905 0.6724953338524994
-0.000001082663833473774 1.088123915297373 -1.503752428379074 0.4156308071481861
0.672496158387096 -0.6725039338487635 0.6724982899680645 1.50375111459724
0.4156244005231234 0.6724936266108283 -1.088125627802629 1.34500010658982
0.6724954892640479 -0.000006370223373727835 -0.2568718214353962 1.760625080186374
0.000002221129567714364 0.4156326576469459 1.088125765802929 -1.50375057786791
-1.344994829479032 -0.6724950907191497 0.4156269208768972 -1.08813028311208
0.000001138465733734051 1.503756572944321 -0.4156266625761456 -1.088119770719722
-1.344995912142867 0.4156288245782243 -1.088125507502176 -0.6724994759638923
-0.6724986710919371 -1.344999024567912 1.088125210844962 0.4156208314851605
0.6724983795166626 -0.2568712762018156 1.760624055770993 0.0000005367293306919596
0.6724966277297809 1.503750202720947 -0.6724984840115411 0.6725053094666507
-0.2568742705688138 -0.6725053979570857 -0.0000004169576650892015 1.760620938074981
-0.672500422878819 0.41562245435485 -1.344997328937569 1.08812560422248
1.088122780039787 0.4156223504090119 0.6724984279683662 1.345000643319152
0.4156279943862576 1.345001393518037 0.6724988453010193 -1.088119439002753
-1.76062294826682 -0.4156262874402001 -0.4156271431843434 -0.4156316756735717
-1.503751859525897 -1.088126284274403 0.4156266631828887 -0.000006702077018125308
0.6724990831271805 0.6725013966838359 1.503752651668251 -0.6724944654062003
0.6724980004633473 1.760625311981208 0.0000002232891790354685 -0.2568636582580133
-1.503752942189732 -0.000002368977028766039 -1.088125765196184 0.4156241050711687
-1.088126789879725 -1.088130221288963 0.256871146783721 1.08811943892367
1.088124152773353 0.6724974596692741 1.344997135269085 0.4156316755944884
1.088123483650306 1.344995023294662 0.415627023865625 0.6725056411836208
-1.088127459002774 -0.4156326576635752 -0.6724989646197388 1.344993404512801
-1.503750721060164 0.4156302886699182 0.0000000006067439883850057 -1.08812647279674
-0.6724968290156861 1.088130221262059 0.4156271441660758 -1.344993941370091
-0.256870676705681 0.000002368950123593505 1.760624056145982 -0.6724986075175926
-1.088124568750158 -0.6724975636420161 1.34499691258665 -0.4156311389442403
-0.2568724284925614 1.760623847872886 -0.67249848363655 0.000006165219726887543
-1.088126320537041 1.088123915280746 -1.088125627195883 0.2568736337930798
0.4156248125583665 -0.000004001273250064941 1.503752234710587 1.08812647266878
-0.4156290794861106 -0.6725039338653907 1.088125091151256 1.344993941242132
0.4156237298945328 1.088119914024124 -0.0000001936684868031335 1.503757279816967
-0.4156301621499458 0.4156199814319836 -0.4156273372278195 1.760624748390321
-1.08812386513964 0.256875109243635 1.088125508483909 -1.088126141079771
-1.088124947803475 1.344999024541009 -0.4156269198951644 -0.6724953339315834
-0.4156277067525451 -0.4156288246051289 1.760623798451973 0.4156249735174696
-0.4156294585394266 1.344992654317634 -0.6724987413305595 1.088129746254789
-0.000003306229421295992 0.2568648020056996 0.6724981706493457 1.760625080107291
0.4156259510241012 1.50375257167107 1.088125572134443 0.000006701949058801615
-1.760624991628978 -0.2568751092871666 -0.0000004163509212951055 0.6724944652782404
-1.760623618895411 -0.00000000002690367373325842 0.6724982909497971 -0.2568745024464221
-0.4156265682868118 1.088127748339193 1.344997135875828 -0.6724947972022522
-0.4156272374098597 1.760625311964582 0.4156270244723681 -0.4156208316131199
-1.760624288018461 0.6724975635984842 -0.2568718204536618 -0.0000005368572908066859
-1.344998135708454 -0.4156302887134498 1.088125091526243 0.6724947969952098
-0.000001085099854414295 0.6724974596526465 1.760623936452275 0.256874502239381
-0.000002167763686333757 1.76062137495002 0.2568715080732022 0.6725053093875672
0.2568689209772353 1.088121378115818 1.088125314440434 1.08813028298412
-1.088128129631365 -0.000006370250278248113 0.4156264695144024 1.503750577739951
-1.344999218372289 0.6724936265839236 -0.4156273368528288 1.088125604143398
-1.088125908501797 0.4156262873966691 1.503752235317331 -0.0000000001279587919997272
-1.344996997242722 1.08812628423087 0.6724984289500998 -0.4156249737245121
-1.088126991165632 1.503750202694043 -0.0000001930617418155478 0.4156308070202276
-0.672500838855626 0.415622350382108 1.344996718918164 1.088126140872729
-0.6725015079786747 1.088119914007497 0.4156266075147055 1.345000106461861
-0.6725001352451077 1.344995023267759 1.088125314815421 0.4156311387371974
-1.503754027289585 0.6724950906756183 0.6724981712560911 0.6724986073105498