4OFF
# Vertices for 2{4}6 , 4D real representation
12

# Vertices.  Each line is the XYZW coordinates of one vertex.
0.5000001443793759 0.499998752973989 0.86602571285128 -0.866025731329905
0.999999257183416 -0.5000012470033362 0.866025541556195 0.0000001847029235946263
-0.4999991128040393 0.999999999977325 0.0000001712950854215745 -0.866025916032828
0.5000023794922495 1.000000000018921 -0.000001063509699968272 0.866024029957088
1.000000742813169 0.4999979803134229 -0.866025712119432 -0.000001907857256649992
-0.4999983633209202 0.5000020197054988 0.866024648609732 0.866025937814345
0.4999983633209197 -0.5000020197054983 -0.866024648609731 -0.866025937814344
-1.000000742813169 -0.4999979803134223 0.866025712119431 0.000001907857256705503
-0.500002379492249 -1.00000000001892 0.000001063509700247824 -0.866024029957087
-0.999999257183414 0.5000012470033361 -0.866025541556194 -0.0000001847029239138154
0.4999991128040397 -0.999999999977325 -0.0000001712950851162631 0.866025916032829
-0.5000001443793751 -0.4999987529739887 -0.866025712851279 0.866025731329905