4OFF
# Vertices for 5{4}2 , 4D real representation
25

# Vertices.  Each line is the XYZW coordinates of one vertex.
0.809016992209024 0.3090170149342092 0.5877852521414018 0.951056511550858
0.809016993277543 -0.809016981588157 0.5877852522255176 0.5877852714693839
0.809016991367919 0.3090170146432433 -0.5877852524435447 0.95105651217415
0.809016992436438 -0.809016981879123 -0.5877852523594289 0.5877852720926759
0.809016994714927 1.000000000210667 0.5877852514661232 -0.00000001952841510721726
0.809016995602722 -0.809017007031368 -0.5877852529827212 -0.5877852324922701
0.809016996443827 -0.809017006740402 0.5877852516022259 -0.5877852331155622
0.809016993873822 0.999999999919701 -0.587785253118824 -0.00000001890512313362791
0.80901699733218 0.3090169742370214 0.5877852511328938 -0.951056521039449
0.809016996491075 0.3090169739460551 -0.5877852534520533 -0.951056520416157
-0.3090169962809552 0.3090170149340399 0.951056516944021 0.951056508346933
-0.3090169952124366 -0.809016981588327 0.951056517028137 0.5877852682654598
-0.309016997641892 0.3090170144632468 -0.951056515646287 0.951056509355441
-0.3090169965733734 -0.80901698205912 -0.951056515562171 0.5877852692739677
-0.3090169937750517 1.000000000210498 0.951056516268742 -0.0000000227323392054668
-0.3090169934070883 -0.809017007211365 -0.951056516185463 -0.5877852353109787
-0.3090169951359885 0.999999999739705 -0.951056516321566 -0.00000002172383167797776
-0.3090169920461524 -0.809017006740572 0.951056516404845 -0.5877852363194865
-1.000000002586476 0.3090170146429686 0.000000001143256489477551 0.951056506990091
-1.000000001517958 -0.809016981879398 0.0000000012273725091827 0.5877852669086179
-0.3090169911577991 0.3090169742368514 0.951056515935513 -0.951056524243374
-0.309016992518736 0.3090169737660586 -0.951056516654795 -0.951056523234866
-1.000000000080573 0.999999999919427 0.0000000004679772680482586 -0.00000002408918098328883
-0.999999998351673 -0.809017007031643 0.0000000006040800637485688 -0.5877852376763284
-0.99999999746332 0.3090169739457806 0.0000000001347480896348391 -0.951056525600216