4OFF
# Vertices for 3{5}3 , 4D real representation
120

# Vertices.  Each line is the XYZW coordinates of one vertex.
-1.603211841772488 1.981678834997025 0.6123724586682188 -0.99083940345529
-1.603211839642148 1.603211848914217 1.603211857864151 0.3784669995993492
-2.594051262108082 0.990839415464435 0.3784669979895728 -0.0000000000835583061076228
-1.981678813962418 0.612372441326947 1.603211876139896 -0.990839400634348
-1.603211852026745 2.215584283433156 0.000000004796007369023414 0.6123724412272567
-0.6123724171530824 1.603211855659372 1.981678845190582 -0.99083938625649
-0.3784669710579266 2.594051265247336 0.990839417532734 0.00000002318030311824255
-2.215584276649327 -0.000000002537577620254083 1.603211859658331 0.6123724457916373
-2.215584280096274 0.6123724445641399 0.00000003436678552848349 -1.60321185536363
-1.981678834001112 1.603211854152112 -0.990839393291064 -0.6123724459268382
-1.981678830554163 0.990839407050395 0.6123724320004817 1.603211855228432
-0.990839395680504 0.3784669792766042 2.59405127239506 0.00000002774468284977294
-0.990839399127451 0.990839426378321 0.990839447103514 -2.215584273410586
-0.6123724371917763 2.594051268484536 -0.6123724242403773 -0.6123724315489819
0.00000001440082747494742 1.603211847245329 2.215584279201486 0.6123724690554949
0.00000001095388385205509 2.215584294347047 0.612372453909948 -1.60321183209977
-0.6123724337448248 1.98167882138282 0.990839401051165 1.603211869606287
-0.990839405934765 0.6123724277127397 1.981678818522844 1.603211872427226
-0.990839411512044 1.603211860897266 -0.612372405964634 -1.98167883178268
-2.594051258623693 -0.6123724318186243 0.6123724615712608 -0.612372441362457
-2.215584296688017 0.990839410287591 -0.990839409772633 0.990839400499146
-0.6123724136686944 0.00000000837631086714197 2.21558430877227 -1.603211827535392
-0.000000005637859679108459 2.594051260070495 -0.37846699022947 0.99083942376301
0.9908394292358 1.981678832296709 1.603211850165103 -0.6123724037207436
-2.594051268877954 -0.3784669833824884 0.000000007699047843701123 0.990839403320089
-2.594051271008284 0.000000002700319912118943 -0.990839391496885 -0.3784669997345511
-1.603211834004292 -0.990839411156276 1.981678848093623 -0.6123724241636626
-1.603211836134621 -0.6123724250734689 0.990839448897692 -1.9816788272183
-0.990839428103788 1.981678826620715 -1.60321185010405 0.6123724240800988
-0.990839425973456 1.603211840537905 -0.6123724509081177 1.981678827134735
0.6123724570458563 0.6123724386266241 2.594051267636781 -0.612372400899801
0.6123724549155294 0.990839424709435 1.603211868440849 -1.981678803954441
0.990839416851208 2.594051266815648 -0.000000002903037477075543 -0.3784669620928303
0.990839418981539 2.215584280732841 0.990839396292889 0.990839440961801
-1.603211850596038 -0.6123724454328273 0.990839403954208 1.981678831699119
-0.99083940245038 -0.99083941957032 2.215584282104532 0.990839431148327
-1.603211856173315 0.3784669877516974 -1.603211820533271 -1.603211872510788
-0.990839408027655 0.00000001361420473577901 -0.3784669423829435 -2.594051273061576
-0.6123724460919766 1.603211855720423 -1.981678813726835 -0.990839431199974
-0.6123724405147005 0.6123724225358939 0.6123724107606414 2.594051273009935
0.3784669887816817 0.990839427946631 0.0000000266677415150518 -2.594051258683721
0.3784669943589595 -0.00000000523789567274946 2.594051251155217 0.990839445526186
0.6123724404541166 0.990839404350076 1.603211823497365 1.981678854962974
0.6123724348768445 1.981678837534604 -0.990839400990107 -1.603211849246926
-1.981678828363253 -0.990839405918379 -0.6123724030615908 -1.603211869689848
-1.981678824916306 -1.603211853020099 0.990839422229955 0.6123724314654205
-1.603211866427576 0.6123724361878338 -2.215584274405483 -0.00000002782824144037521
-1.603211862980629 -0.00000001091388596163867 -0.6123724491139376 2.215584273327024
0.00000002003868948552423 -0.990839412825168 2.594051269430963 -0.3784669547075116
0.00000001659174259094343 -0.3784669657234518 0.990839444139422 -2.594051255862777
1.603211862943183 0.990839411095229 1.981678810823797 0.6123724691071343
0.6123724280695264 1.603211838869018 -0.00000002957077877008274 2.215584296590883
0.6123724246225811 2.215584285970734 -1.603211854862321 -0.000000004564381886340563
1.603211859496243 1.603211858196949 0.3784669855322545 -1.603211832048128
-2.215584291050158 -1.603211849782897 -0.6123724195431597 -0.00000002326386194795305
-1.603211842904499 -1.98167882392039 0.6123724586071651 -0.990839423814652
-1.981678844954998 -0.6123724401949317 -1.603211847201009 0.990839386172931
-0.378466961935678 -1.603211842106212 1.60321187134389 -1.603211841861608
-0.990839434873661 0.6123724277737905 -1.981678840394574 1.603211827483745
0.000000003446947172136561 -0.6123724471017166 1.603211825291548 2.215584301155267
-0.000000003446947061114258 0.612372447101718 -1.603211825291543 -2.215584301155271
0.990839434873661 -0.6123724277737887 1.981678840394574 -1.603211827483752
0.3784669619356766 1.603211842106216 -1.603211871343891 1.603211841861601
1.981678844954992 0.6123724401949326 1.60321184720101 -0.990839386172938
2.215584291050154 1.603211849782904 0.6123724195431629 0.00000002326385556070121
1.603211842904498 1.981678823920397 -0.6123724586071642 0.990839423814646
-0.6123724246225852 -2.215584285970733 1.603211854862327 0.000000004564376911153634
-1.603211859496242 -1.603211858196945 -0.3784669855322493 1.603211832048127
-1.603211862943188 -0.990839411095226 -1.981678810823795 -0.6123724691071414
-0.6123724280695283 -1.603211838869016 0.00000002957078121257339 -2.215584296590892
-0.00000002003869026268035 0.99083941282517 -2.594051269430959 0.3784669547075073
-0.0000000165917438676999 0.378466965723453 -0.990839444139418 2.594051255862777
1.603211862980624 0.0000000109138851289714 0.6123724491139411 -2.21558427332703
1.603211866427576 -0.6123724361878313 2.215584274405487 0.0000000278282358823212
1.981678828363252 0.990839405918386 0.6123724030615938 1.60321186968984
1.981678824916306 1.603211853020105 -0.990839422229949 -0.6123724314654199
-0.6123724348768446 -1.9816788375346 0.990839400990114 1.603211849246926
-0.6123724404541199 -0.990839404350075 -1.603211823497363 -1.981678854962981
0.6123724460919765 -1.603211855720418 1.981678813726844 0.99083943119997
-0.3784669887816812 -0.99083942794663 -0.00000002666773420145763 2.59405125868372
-0.3784669943589579 0.000000005237898115240114 -2.594051251155213 -0.99083944552619
0.6123724405146993 -0.612372422535892 -0.6123724107606394 -2.594051273009938
0.990839408027653 -0.00000001361420284839987 0.378466942382947 2.594051273061572
1.603211856173313 -0.3784669877516968 1.603211820533273 1.603211872510783
0.990839402450382 0.990839419570324 -2.215584282104525 -0.990839431148331
1.60321185059604 0.6123724454328307 -0.990839403954201 -1.981678831699123
-0.990839418981542 -2.215584280732836 -0.990839396292891 -0.990839440961809
-0.99083941685121 -2.594051266815645 0.000000002903043361257573 0.3784669620928295
-0.6123724549155323 -0.990839424709431 -1.603211868440849 1.981678803954433
-0.6123724570458621 -0.6123724386266226 -2.594051267636782 0.6123724008997949
0.990839428103786 -1.981678826620714 1.603211850104057 -0.6123724240801032
0.990839425973455 -1.603211840537906 0.6123724509081217 -1.981678827134743
2.594051271008281 -0.000000002700317913717498 0.99083939149689 0.378466999734544
1.603211836134625 0.6123724250734738 -0.990839448897689 1.981678827218294
1.603211834004296 0.990839411156283 -1.981678848093623 0.6123724241636549
2.594051268877951 0.3784669833824895 -0.000000007699045290188167 -0.990839403320095
0.000000005637853572881824 -2.594051260070494 0.3784669902294728 -0.99083942376301
-0.990839429235802 -1.981678832296704 -1.603211850165103 0.6123724037207376
2.215584296688011 -0.990839410287591 0.990839409772638 -0.99083940049915
0.6123724136686958 -0.0000000083763078695398 -2.215584308772269 1.603211827535388
2.594051258623692 0.6123724318186249 -0.6123724615712554 0.6123724413624546
0.99083941151204 -1.603211860897259 0.6123724059646392 1.981678831782675
0.990839405934771 -0.6123724277127318 -1.98167881852284 -1.603211872427229
0.6123724371917726 -2.594051268484535 0.6123724242403867 0.6123724315489807
-0.00000001095388378266615 -2.215584294347042 -0.6123724539099424 1.603211832099768
-0.00000001440083080561649 -1.603211847245325 -2.215584279201487 -0.6123724690555004
0.6123724337448278 -1.981678821382818 -0.99083940105116 -1.603211869606289
1.981678834001107 -1.603211854152108 0.99083939329107 0.6123724459268358
0.990839395680508 -0.3784669792765978 -2.594051272395052 -0.00000002774468295385635
0.990839399127453 -0.990839426378319 -0.99083944710351 2.215584273410582
1.981678830554164 -0.990839407050393 -0.6123724320004799 -1.603211855228435
2.21558428009627 -0.612372444564139 -0.0000000343667814206583 1.603211855363626
2.215584276649329 0.000000002537581644812548 -1.603211859658326 -0.6123724457916408
0.3784669710579238 -2.594051265247338 -0.99083941753273 -0.00000002318030509952616
0.6123724171530847 -1.603211855659366 -1.981678845190579 0.990839386256488
1.603211852026744 -2.215584283433157 -0.000000004795999597462242 -0.6123724412272552
2.594051262108078 -0.990839415464435 -0.378466997989567 0.0000000000835541531796213
1.981678813962422 -0.6123724413269416 -1.603211876139895 0.990839400634343
1.603211841772481 -1.981678834997022 -0.6123724586682135 0.990839403455286
1.603211839642153 -1.603211848914214 -1.603211857864148 -0.378466999599353