4OFF
# Vertices for 4{6}2 , 4D real representation
96

# Vertices.  Each line is the XYZW coordinates of one vertex.
-2.230442426828598 -0.3826832691421752 0.92387973833961 0.923879564636718
-2.230442566684968 -1.306562799331448 0.3826835936764507 0.00000005588086748886667
-2.230442435421022 0.0000000868346655691354 -0.3826832080972216 1.30656313634655
-2.230442575277392 -0.923879443354606 -0.923879352760381 0.3826836275906996
-1.84775889190478 0.923879689423067 1.306563089693496 0.923879545316986
-1.30656288975979 -0.923879384524777 1.847759257368079 0.92387940203763
-1.847759124578776 -0.92387931762093 1.30656300065956 -0.923879577684136
-2.230442487646548 0.3826836535665642 0.923879520544691 -0.923879476370333
-1.306562805534588 0.3826834483067898 0.0000002553020232998193 2.230442587992732
-2.230442394828921 1.306563130421291 0.3826834649154674 0.0000001378749378000421
-0.923879442466816 -0.923879522880704 0.3826837354168908 2.23044248667893
-0.923879535284442 -1.84775899973543 0.923879791046117 1.306562872433659
-2.23044249979807 0.923879645683464 -0.923879518400428 -0.3826831791609107
-2.230442592615696 0.0000001688287390999577 -0.3826834627712041 -1.30656279340618
-1.847759005466353 0.923879560662082 -1.306562840059231 0.923879799990971
-1.306563134585307 -2.230442399451873 0.0000001293890234954631 -0.3826834237540679
-0.92387964025359 -2.230442484473255 -0.3826831922697802 0.923879555397812
-0.923879547435964 -1.30656300761853 -0.923879247899004 1.847759169643082
-0.923879354835971 0.3826835740404669 2.230442608721965 0.923879382717897
-1.847759238140348 -0.923879446381915 -1.306562929093168 -0.92387932301015
-1.306563050360106 -0.923879566620306 -1.847758872677034 0.923879762201035
-0.923879292243291 1.847759130309696 0.923879608950589 1.306562988390788
-0.3826834213622462 -1.30656282980426 2.230442578398844 -0.0000002353542526423169
-1.306562879392635 0.923879738476354 1.847758986238614 -0.923879605006365
-0.923879516324861 -0.3826832327111442 2.230442466353484 -0.923879706320168
-0.3826831972806745 0.92387953321658 0.923879720995946 2.230442459356702
0.00000016578709816778 -0.3826834379709138 1.306563201110817 2.230442358042899
-0.923879375579918 1.306562922134208 -0.923879376659986 1.847759251637152
-0.923879692479115 -1.847758917741356 0.923879536372133 -1.30656305731907
-1.306562795167432 2.23044257130792 -0.00000001582744268979752 0.3826835809487388
-0.00000006688689782596846 -2.230442445014912 1.30656311207688 0.3826832350417759
-1.306563124218153 -0.3826832764507444 -0.0000001417404416059753 -2.230442430798065
0.00000005222552545980363 -0.3826835667319002 -1.306562728641912 2.230442612716883
-0.923879713223063 -0.923879569647614 -2.23044244900982 -0.3826831883998151
-0.3826832495061998 1.306563099948476 2.230442449637859 -0.0000001533601809156071
0.3826836078932891 0.00000004373960213466255 2.230442608093926 1.306562724477897
-1.306563039992951 0.923879556380822 -1.847759143806496 -0.923879244842959
-0.3826836747801885 -2.230442488754514 -0.923879496017045 -0.923879489436116
-0.923879769742805 -1.306562891661398 -0.923879608062406 -1.847758960402033
-0.923879545661233 0.923879471359441 -2.2304424654653 0.3826837343089218
-0.3826834506986167 -0.000000125733675915285 -2.230442353419943 1.306563205274837
-0.0000001804484709017062 -2.230442573775896 -1.306562817675848 0.3826834897157623
-0.923879449437965 1.84775921230377 0.923879354276606 -1.306562941361946
0.923879597886757 -1.306563038091337 0.923879736823388 1.847758878407964
-0.3826832702501472 2.23044244804222 -0.923879535744092 0.923879715559076
-0.923879589294336 0.923879682114499 0.3826832096134451 -2.230442450117796
-0.3826835871493448 -0.923879391833345 0.923879377288026 -2.23044259339715
-0.923879458030389 2.230442568280612 -0.3826835921602281 -0.92387936965211
0.3826835871493421 0.923879391833342 -0.923879377288027 2.230442593397151
0.3826832702501461 -2.230442448042221 0.923879535744093 -0.923879715559074
0.923879589294334 -0.9238796821145 -0.3826832096134437 2.230442450117797
0.923879458030389 -2.230442568280613 0.382683592160228 0.923879369652112
-0.923879597886759 1.306563038091341 -0.923879736823386 -1.847758878407963
0.923879449437964 -1.84775921230377 -0.923879354276605 1.306562941361945
1.306563039992947 -0.923879556380821 1.847759143806498 0.923879244842961
0.3826836747801869 2.230442488754514 0.923879496017047 0.923879489436119
0.3826834506986153 0.0000001257336750271065 2.230442353419942 -1.306563205274835
0.923879769742804 1.306562891661396 0.923879608062404 1.847758960402036
0.0000001804484705963949 2.230442573775897 1.30656281767585 -0.3826834897157612
0.923879545661232 -0.923879471359442 2.230442465465301 -0.3826837343089204
-0.3826836078932909 -0.00000004373960324488557 -2.230442608093924 -1.306562724477893
0.3826832495061978 -1.30656309994848 -2.230442449637859 0.0000001533601830111531
0.923879713223061 0.923879569647613 2.230442449009818 0.3826831883998166
-0.00000005222552615369302 0.3826835667318986 1.306562728641911 -2.230442612716883
1.306563124218151 0.3826832764507435 0.0000001417404412729084 2.230442430798063
0.00000006688689668798986 2.230442445014913 -1.306563112076879 -0.3826832350417753
1.306562795167432 -2.23044257130792 0.0000000158274415795745 -0.3826835809487379
0.923879692479113 1.847758917741355 -0.923879536372132 1.306563057319072
0.923879375579917 -1.306562922134209 0.923879376659987 -1.847759251637152
0.3826831972806722 -0.92387953321658 -0.923879720995946 -2.2304424593567
0.3826834213622444 1.306562829804258 -2.230442578398841 0.0000002353542536415176
-0.000000165787098625747 0.3826834379709141 -1.306563201110815 -2.230442358042898
0.923879292243289 -1.847759130309696 -0.923879608950587 -1.306562988390786
0.923879516324861 0.3826832327111418 -2.230442466353483 0.923879706320168
1.306562879392633 -0.923879738476353 -1.847758986238614 0.923879605006365
1.847759238140347 0.923879446381914 1.306562929093168 0.923879323010154
1.306563050360105 0.923879566620305 1.847758872677034 -0.923879762201034
0.923879354835969 -0.3826835740404681 -2.230442608721964 -0.923879382717896
0.92387964025359 2.230442484473256 0.3826831922697822 -0.923879555397811
0.923879547435964 1.306563007618527 0.923879247899005 -1.847759169643082
1.306563134585308 2.230442399451872 -0.0000001293890239395523 0.3826834237540716
1.847759005466351 -0.923879560662083 1.306562840059231 -0.923879799990971
2.230442592615695 -0.0000001688287384338238 0.3826834627712048 1.306562793406182
2.230442499798071 -0.923879645683465 0.923879518400428 0.3826831791609101
1.306562805534586 -0.3826834483067941 -0.0000002553020227447078 -2.230442587992733
0.923879535284441 1.84775899973543 -0.923879791046116 -1.306562872433656
0.923879442466815 0.923879522880703 -0.382683735416892 -2.230442486678929
1.847759124578774 0.92387931762093 -1.30656300065956 0.923879577684136
2.230442394828919 -1.306563130421289 -0.3826834649154694 -0.0000001378749374669752
2.230442487646546 -0.3826836535665642 -0.92387952054469 0.923879476370333
1.306562889759789 0.923879384524774 -1.84775925736808 -0.923879402037629
1.84775889190478 -0.923879689423067 -1.306563089693496 -0.923879545316984
2.230442575277395 0.923879443354607 0.923879352760383 -0.3826836275906982
2.23044243542102 -0.0000000868346669014031 0.3826832080972205 -1.306563136346551
2.230442566684967 1.306562799331447 -0.3826835936764513 -0.00000005588086404717529
2.230442426828596 0.3826832691421757 -0.92387973833961 -0.923879564636716