4OFF
# Vertices for 4{3}4 , 4D real representation
24

# Vertices.  Each line is the XYZW coordinates of one vertex.
0.00000000862693228411211 1.000000001620425 -0.999999998379577 0.00000001150252282757287
-0.000000003276839910526519 0.999999996205942 0.00000000932888777338548 1.000000003794058
-0.999999998102166 1.000000001897836 -0.000000005108674150378079 -0.00000000138061476140372
-0.999999993270901 0.000000003518258795409679 -1.000000006729099 0.000000002533790177672302
0.000000001554424894356643 -0.000000002173634647273381 -0.999999992291537 1.000000007708463
-1.000000005174674 -0.000000001896224747810374 0.000000000979365962183839 0.999999994825325
1.000000001897834 0.999999998102167 0.00000000834952168515812 0.0000000089687327564647
0.000000007072508301231295 1.00000000379406 -0.000000006088040058194188 -0.99999999620594
0.00000001190377207915816 0.000000005414483306154239 -1.000000007708465 -0.999999992291535
1.000000006729098 -0.000000000277409900606429 -0.999999993270903 0.00000001288313739022939
-0.999999994825325 0.000000005691893290027394 -0.00000001443756242336391 -1.000000005174672
0.999999994825325 -0.000000005691893290027394 0.00000001443756170171895 1.000000005174672
0.000000004831263888949167 -0.999999998379576 -1.000000001620425 0.000000003914405022342748
-0.000000004831264333038376 0.999999998379576 1.000000001620425 -0.000000003914404744786992
-1.000000001897834 -0.999999998102166 -0.00000000834952268435885 -0.00000000896873297850931
-0.000000007072508662053778 -1.000000003794059 0.000000006088039586349403 0.99999999620594
-0.00000001190377296733658 -0.000000005414483084109634 1.000000007708464 0.999999992291535
-1.000000006729099 0.0000000002774099561175802 0.999999993270903 -0.00000001288313800085206
1.000000005174674 0.000000001896224914343827 -0.000000000979366295250746 -0.999999994825325
0.000000003276839688481914 -0.999999996205941 -0.00000000932888860605274 -1.000000003794057
0.999999998102165 -1.000000001897835 0.000000005108673456488688 0.000000001380614955692749
0.999999993270902 -0.000000003518258184787015 1.000000006729099 -0.000000002533789400516184
-0.000000001554423728622467 0.000000002173635008095864 0.999999992291536 -1.000000007708463
-0.00000000862693255498062 -1.000000001620425 0.999999998379576 -0.00000001150252298741907