4OFF
# Vertices for 3{3}2 , 4D real representation
24

# Vertices.  Each line is the XYZW coordinates of one vertex.
-0.2588190590192672 -0.4482877434001788 0.7071067783843806 -0.7071067742565756
-0.7071067961792128 -0.7071067712315411 0.5176380833234722 0.00000001147647593624512
-0.2588190443873209 0.4482877287678752 0.7071067811294132 -0.7071067861437172
0.5176380836042689 -0.00000001998778875744733 0.7071067849361171 -0.7071067822690779
-0.2588190622455397 -0.965925828928233 -0.000000004466527647739582 -0.5176380767087831
-0.4482877431403943 -0.2588190305763947 0.7071067771071436 0.7071067861093239
-0.7071067710259836 0.7071067858633563 -0.000000002334450036056701 -0.5176380976959911
-0.96592582913366 -0.2588190224757469 -0.00000000745270012370014 0.5176380962103489
-0.2588190327916031 0.965925828928102 0.5176380914359971 -0.00000001189972995141453
0.965925818612376 -0.2588190624510966 0.517638095855655 0.000000001074976802017957
-0.000000005615269305092596 -0.5176380974151947 -0.7071067824746356 -0.7071067746202591
-0.4482877290276592 0.258819045208341 -0.707106783087591 -0.707106783720328
0.448287729027659 -0.2588190452083401 0.7071067830875913 0.7071067837203277
0.000000005615269693670655 0.5176380974151943 0.7071067824746357 0.7071067746202594
-0.965925818612376 0.2588190624510968 -0.5176380958556555 -0.000000001074977273862743
0.2588190327916028 -0.965925828928102 -0.5176380914359962 0.00000001189972942405859
0.96592582913366 0.2588190224757465 0.000000007452700789833955 -0.5176380962103496
0.4482877431403946 0.258819030576394 -0.7071067771071436 -0.707106786109324
0.7071067710259826 -0.7071067858633562 0.000000002334449730745369 0.5176380976959916
-0.5176380836042683 0.00000001998778892398079 -0.707106784936116 0.7071067822690781
0.25881906224554 0.965925828928233 0.000000004466527259161523 0.5176380767087822
0.25881904438732 -0.4482877287678747 -0.7071067811294132 0.7071067861437168
0.7071067961792128 0.7071067712315402 -0.5176380833234715 -0.00000001147647527011131
0.2588190590192665 0.4482877434001786 -0.7071067783843805 0.7071067742565758