4OFF
# Vertices for 3{6}2 , 4D real representation
24

# Vertices.  Each line is the XYZW coordinates of one vertex.
1.366025373420969 -1.36602542949845 -1.00000000635128 0.0000000267827687805422
0.99999997167515 -1.366025408377716 0.00000000893053386796794 1.366025419926391
-0.0000000266650579659948 -1.366025380702962 -1.366025401154695 1.00000003512218
1.366025376038518 -1.000000051477494 -0.00000001993127451971333 -1.36602539384622
1.36602540582306 -0.00000001992592167654461 1.000000018761513 1.366025388011441
1.366025403565723 -0.00000003726268911485864 -1.366025412765463 -0.999999988030466
-0.00000002239502261414117 -0.999999989990613 1.366025413143136 1.366025401753123
-1.366025424738386 -0.999999958531893 -1.366025413187255 0.00000003405062898309552
-0.999999993208025 0.00000005189894710516674 -1.366025389776283 1.366025422764666
-0.00000003842910364926233 -1.366025429547921 0.999999974887207 -1.366025396404797
1.366025439119981 1.366025385397806 0.00000002356535944159077 0.999999976847358
-1.000000035116826 -1.366025389181773 1.366025392679802 0.000000006050924206135733
1.000000035116827 1.366025389181772 -1.366025392679802 -0.00000000605092587147027
-1.36602543911998 -1.366025385397806 -0.00000002356535919179059 -0.999999976847358
0.00000003842910398232924 1.366025429547921 -0.999999974887207 1.366025396404797
0.999999993208024 -0.00000005189894765333936 1.366025389776281 -1.366025422764666
1.366025424738385 0.999999958531891 1.366025413187254 -0.0000000340506300378074
0.00000002239502217005196 0.999999989990611 -1.366025413143135 -1.366025401753123
-1.366025403565723 0.00000003726268776871322 1.366025412765463 0.999999988030464
-1.36602540582306 0.00000001992592087163292 -1.000000018761513 -1.36602538801144
-1.366025376038517 1.000000051477494 0.00000001993127429766872 1.366025393846219
0.0000000266650581880394 1.36602538070296 1.366025401154694 -1.000000035122179
-0.999999971675149 1.366025408377714 -0.00000000893053375694564 -1.366025419926391
-1.366025373420967 1.366025429498448 1.000000006351281 -0.00000002678276944667601