4OFF
# Vertices for 3{10}2 , 4D real representation
360

# Vertices.  Each line is the XYZW coordinates of one vertex.
4.302620938895773 -1.062986378027768 1.281181603976395 3.016365456824717
4.612730613345613 -2.763531450051449 0.932765425380406 0.7732611005898714
5.046623963769997 0.0846712621595388 0.894149401638019 2.02664452936546
4.290193967226624 -2.315811424309581 2.536714110432136 0.4227393378120814
3.489411852541788 -1.301661985785971 2.790427741924934 2.953907221018648
5.208142269931554 -1.781214819874358 -0.2234531324366266 0.1870037817966791
3.234852624568752 -2.315811425695144 1.521553264630576 3.498570487502337
4.514902886450417 -2.78669953219626 -0.7093122516383243 1.31499339467711
5.100540534255478 0.4587546541974175 1.920657630904642 0.6837240274457016
4.604251723341733 -0.6980512430096866 2.94771846513292 0.0831879543051722
4.589901154647161 -0.5092217056284803 -0.3344154804783472 2.990658921825049
3.52674780472283 -3.624649754957913 1.942907732382645 1.015602025600457
3.254816812255255 -0.02347109429237693 3.77007414609458 2.361044560047986
5.325981643287987 -0.785384055509266 0.1604579164414135 -1.1720573931989
5.196811175069943 1.435417349742142 0.5325946146152212 1.015602025598622
3.569805682131574 -1.719680039770805 3.822507101205345 -0.2645775293926791
3.453373211733354 -3.299918514014952 -1.093223303235405 2.524279684543034
2.743573809931156 -3.285898690275513 0.173722159871673 3.46812153954627
5.350434777193706 -0.4374847324214926 -1.233595442157899 -0.2051120283435567
2.476257781866277 -1.547323031272033 4.037840125790412 2.356302147091595
4.547205620684958 0.922385037795625 2.92887095898431 -0.5255622190282728
4.48552913797407 -0.172625057955041 -1.964844744795499 2.524279684541892
2.11312013614664 -4.034003082741048 2.742841603954147 1.456274771276138
3.618403481134607 -0.7853840577511328 -1.48210683611359 3.804741950655589
2.394474036617473 -4.669446633863846 1.175618691436332 1.209568835989838
3.508413708106999 1.579970424787879 3.166218684230326 2.356302147090453
4.719981103409191 -1.185589124887002 1.335524001924576 -2.21695879661371
1.764975744770404 -3.155365438969215 1.540400766379683 3.864979806034885
3.893749231208775 -2.751807775391732 -2.313260939409096 1.515740272325254
3.532866842012715 1.927869747875652 1.772165325631007 3.323247511945799
3.941422073020215 -2.709441061866667 1.603289981620414 -2.221701209570107
2.839627458531574 0.922385035553747 1.286306206429303 4.451237124826235
4.910792289564309 0.1604720743368584 -2.323310023223861 0.918135171579334
1.615698014014446 -2.961677540558947 3.94403173397923 1.856064010160479
3.686862845047177 -3.723590501775833 0.3344155043260638 -1.677037943086421
2.902413168228197 1.179765355410126 4.341284769713488 1.311400743675642
4.973577999260923 0.417852394193246 0.7316685400603047 -2.221701209571227
2.076181296027777 -0.3864532950945867 0.6924998283798066 5.04409981261461
3.230140035924342 -4.317483469563864 -0.894149377790313 -0.7130235506268177
3.435039115117517 1.904701665730849 0.1300876486122791 3.864979806033027
2.873653758693199 -3.962266109534048 1.843661642274596 -1.739496178892477
2.357535196498604 -1.021896846217376 -0.874723084138006 4.797393877328316
2.363014379084879 -4.930242469359961 -0.4114114691084092 0.5674387154868842
1.753644649908789 0.06126673064727528 2.296448513431541 4.693578049836814
3.974143060798559 -3.169825829376543 -1.281181580128678 -1.702744478086089
4.683042263290337 2.461960662759436 -0.7148177736497541 1.370866244724767
2.253024606057269 -2.564887986820932 4.236914051235505 -0.881001088078255
1.979284682893787 -3.723590504017718 -1.30814924822894 3.299761400768079
3.650706215369158 2.923700512240746 2.156076374509043 1.964186336950228
4.930756477250823 2.452812405739633 -0.07478914175986562 -0.2193907558749968
2.426776770852029 -0.96036206387194 4.813801902058959 -0.6309867777155276
3.706827032733685 -1.43125017037306 2.582936385790066 -2.814563870540765
3.875415134592943 2.452812404354078 -1.089949987561408 2.856440393815244
1.895055693532448 -3.831732858227749 3.210340248782611 -1.342637912403873
4.900203406271451 0.7425836351361981 -2.304462495557726 -0.7130235506286597
1.056085823512193 -1.596911629236915 4.849422410063501 1.788863361396878
3.822699487652549 -2.184014876812036 -3.309273228308008 0.2193905206666138
0.5454464439038739 -2.564887989062822 2.594349298680494 4.095798255776242
3.923087976404386 2.495179117879137 2.82660093346808 -0.881001088080087
3.662946790774744 1.25150232861713 3.442104808033926 -1.884370206492962
0.7191986086986255 -0.960362066113844 3.17123714950396 4.345812566138957
4.070413701613027 -2.193163133831846 -2.669244596418105 -1.370866479933158
2.326075538966011 -1.282692681713501 -2.461753244682743 4.155263756825364
1.102146094448887 -5.166755257826209 0.1959722828671777 1.560090642159602
4.763436092880122 2.043942608774605 0.3172615856306495 -1.84761850568655
2.241693511195666 0.6517441827955748 4.992961798287349 -0.05240284427631313
3.9372042206797 0.4777239582698987 -3.331523355703015 1.885080563252394
0.4982555478590703 -4.08359168096153 3.367143880436724 1.456274814668106
3.015072358955159 -2.193163135217394 -3.684405442219646 1.70496466975709
0.943907527922417 -1.431250174000508 -0.0747892125665004 5.238066623003993
0.18747753137905 -3.831732860469639 1.567775496227598 3.634161431450626
2.25864236241179 -4.593645821686519 -2.041840733425559 0.1010594782037239
1.033256364813739 0.6573981151860526 3.58224150420475 4.00626118263205
4.124330272098504 -1.819079741793934 -1.642736367151481 -2.713786981852933
3.640117332076301 3.505812073040083 2.17492390217518 0.3330276147422253
3.147214842231434 -0.06648425905101096 3.488327061874339 -2.88176451930436
2.813885459875876 1.939593422535379 -1.473861039158487 4.065726683681159
1.40377687889485 -4.801820122808127 1.862509144023704 -1.37308686035993
2.031551604814856 2.277834397376924 4.578554843857693 0.3216798596083693
4.10271643584757 1.515921436160061 0.968938614204519 -3.211422093638522
3.80436539103671 3.020605302933775 -2.085962276460318 1.560090642156605
0.6755263926659197 -3.241255408321356 4.264288781083423 -1.11181946266251
2.060927427700126 -1.714730560823322 -3.71178019431095 3.068768301101041
-0.1507054795344998 -4.80747405882606 0.6155038397497457 2.620879606276448
3.200474844446898 4.10376887979843 1.085209321109222 1.456274814665121
2.286655074379609 -1.480838768337941 3.394518670063148 -3.382002656235474
0.379532962491398 -3.558165495906892 -1.545419329491693 3.897366544904822
0.949783822570872 -4.015033778668561 -2.509339382653521 2.657631307082833
0.97621026215697 2.27783439599137 3.563393998056139 3.397511009298622
0.4799214512432322 1.121028498784251 4.590454832284406 2.796974936158102
4.327425355071362 1.045033328273366 -2.277087747865925 -2.319168036773503
0.2197802656135979 -0.1226482904777411 5.205958706850241 1.793605817745246
4.067284169441728 -0.1986434609886274 -1.661583873300096 -3.322537155186344
3.570995358527998 -1.355449358195731 -0.6345230390718333 -3.923073228326868
-0.5975824673756791 -1.805570013163981 3.585644099534123 3.729389007453384
3.55664478983342 -1.166619820814548 -3.916656984683088 -1.015602260807
4.105996175482679 3.38554043795185 -0.4194254153038028 -1.373086860362914
1.163336313575789 -0.01896930407246455 5.252180986607667 -1.201356535806687
-0.1735349382329574 -2.553164314403091 -0.6516770661090074 4.838277427511619
1.285054293527181 -4.276393937753485 -3.050054065904713 1.068004869876778
4.044454710743285 2.055666283434336 -2.928764779158842 -1.105139333951182
-0.2959516829297151 -1.440634878145896 5.252180960690646 0.7962115049338419
2.619847192917979 1.045033326031498 -3.919652500420931 2.657631307080984
1.339796931036309 1.515921432532621 -1.688786984152034 4.841208399906208
2.049596332838503 1.501901608793177 -2.955732447259103 3.897366544902964
-0.07031164994471073 -5.225492112810899 1.647583199030161 -0.597605144134886
-0.6405625100241865 -4.768623830049227 2.611503252191991 0.642130093687098
0.6394877518574827 -5.239511936550336 0.3806377359230897 -1.541446999138129
3.067339280876213 3.808261766177269 2.202298649866974 -1.273116871402609
2.310909284332845 1.407779079708151 3.844863358661074 -2.87702206295598
1.072480902971433 3.25449709153609 2.175330981766714 3.729389007451535
2.536549317317837 -2.377078154956851 0.2402655970005952 -4.270838712024722
-0.6709570603651583 -1.480838772221007 0.5495130639160704 5.238066666395967
1.710317445117418 -3.943296805461581 -3.408519344333075 -0.5381396430857755
0.808075853716737 -1.355449361823187 -3.29224863742839 4.129557265217882
-0.415853590800392 -5.239511937935879 -0.6345231098784694 1.534384150552122
2.955117663874289 0.7836731669465875 -4.460367183672119 1.068004869874931
-1.193630410748543 -3.763622648545428 3.505245515574682 1.583040976293889
1.126397473456922 3.628580483573972 3.201839211033337 2.386468505531779
2.850607073432954 -0.7593179736569599 0.6512699517013678 -4.610390095531614
0.6157580938486021 2.660604123748072 0.946766099650332 4.69340339991113
1.773103154814044 -3.68591648560519 -0.3535407810488915 -3.677976024236356
0.3611988658755592 1.646454683838904 -0.3221083776440196 5.238066666394809
1.079863771332907 -4.691401197927105 -0.839399900250598 -2.549986411355917
2.226886775562282 4.421020763731477 0.07699598863006862 2.423220206338171
1.169212608224233 -2.60275290874053 2.817630816520642 -3.781791851727845
1.37411168741741 3.61943222655416 3.841867842923236 0.7962115049320044
3.024359238227706 0.845207949292023 1.228157802524839 -4.360375785168902
1.359761118722812 3.808261763935385 0.5597338973119747 3.703682472451871
3.430925949755558 3.046348802718506 -3.049882332341195 0.1705805192049743
-0.6205983223376823 -2.476283498646453 4.860024133655998 -0.4953958337672523
1.450566508695059 -3.23819645986333 1.250407904002834 -4.02849778701415
1.687487986418966 -1.688987061038597 -4.675700250191812 1.679258178149395
-1.446830194538094 -4.042502149151165 1.211239192322318 3.237303235171701
-0.4520102204784219 1.407779076080693 1.187137760304521 5.175608430588749
2.899204872435977 0.1749780083626984 -4.653343985617544 -0.5410706154833664
-1.675939664995555 -2.476283500032008 3.844863287854441 2.580435315922993
1.675275427918843 -3.709084567750003 -1.995618458067618 -3.136243730149127
2.65214992715253 4.75411789602338 -0.2814692897982987 0.817075693375616
0.6717904860920352 -1.530427366558445 4.018820946545724 -3.3820026128435
-0.4043373786669758 1.450145789605756 5.103688681334019 1.438166948693421
3.44316652516115 1.374150619094881 -1.76385389881631 -3.67797602423819
-1.230569250867405 -0.1160728608989626 1.454903740000351 5.170866017632351
1.69972856182456 -3.361185244662238 -3.389671816666933 -2.169298365293778
1.206791303046716 3.210562429589143 4.233918570313747 -0.83201624487955
2.839275978571347 2.457314195959531 1.407317698753225 -3.781791851729686
-0.1300799487620397 0.6763674192585447 -1.669939482402915 5.207617718438753
0.0183340966158474 -5.204620179745808 -1.223310951847665 -1.340700121489995
2.987420398108845 4.492757736938466 -0.822183973049488 -0.7725507438304379
0.1187225853676812 -0.5254261850546396 4.912563209928416 -2.441091730236705
2.476781018500523 3.524781377112576 -3.077257084432492 1.534384150548916
-0.958781333251234 -3.452024697002885 3.90775247717814 -1.50867765894143
-0.03230273423453673 -3.709084569991883 -3.638183210622627 1.840555613705384
-1.312352996116206 -3.238196463490768 -1.407317694353738 4.024132706530601
-1.861022924651915 -0.864177253364483 4.02402318408283 3.159019249362207
2.731884488065267 -0.2338917886023091 -4.26129325822702 -2.169298365294923
1.255389102049728 4.144858411608826 -1.070695367005182 3.237303235168711
0.03693884011887216 -3.647549787646462 2.050341775574342 -3.587825041338474
-0.488048861286866 -0.5904774521482715 -2.696513284855812 4.745980894113132
-0.7892930320815434 -5.213768438151174 -1.598443165759325 0.1448740276004861
1.150878511608403 2.601867271005269 4.040941768368319 -2.441091730237836
2.356966724324331 3.744653344472946 1.746935471032987 -2.784397512100577
1.020095472515586 1.210458334142335 -4.156922581683673 3.255236451217727
-1.670063370347104 -5.060067104700073 1.41031311776741 0.000000000001857874964983353
-2.091129018719237 -1.530427370185894 1.361095348189155 4.670627880701241
1.260086074195162 -2.763228437903892 -4.479386397732898 -1.046051165370883
-1.465164291153931 1.162118030594639 2.434550144170002 4.578003356661699
1.817567935181001 -2.365354480297128 -3.0057607677889 -3.528359540289345
0.860342775637797 4.645975539571463 2.594455454658256 1.151475724058165
2.93150760667053 3.884062578354584 -1.015160774994916 -2.381626229188729
-0.3635866688793381 0.7619129634587711 5.25218098220817 -1.443697390607587
1.707578162153401 0.000000002241886648546298 1.642564752555002 -4.976799343854476
2.720553393203672 2.982740381014175 -3.505245511175178 -1.340700121492984
-1.780629095062135 -1.282195307349328 5.056102543363248 -0.05946550104911807
-2.606860967262548 -2.848413957854036 1.407317602029563 3.673233567889846
0.977115429867078 -1.752595482742926 -5.131063429025811 0.1679775374514332
1.743437963336598 4.735335863757107 1.625817917850636 -1.508677658944412
0.826231872200425 1.56621865050472 3.648784941333676 -3.732699068938939
-2.071164831032726 0.7619129612168749 3.609616229653166 3.533101953246902
1.223929444517132 3.88406257611271 -2.657725527549922 2.595173114665754
-1.223929444517126 -3.884062576112712 2.657725527549927 -2.595173114665748
2.071164831032735 -0.7619129612168671 -3.609616229653164 -3.533101953246887
-0.82623187220041 -1.566218650504701 -3.648784941333675 3.732699068938952
-1.743437963336577 -4.735335863757098 -1.625817917850635 1.508677658944428
-0.977115429867058 1.752595482742929 5.131063429025817 -0.1679775374514207
2.606860967262562 2.848413957854022 -1.407317602029566 -3.673233567889825
1.780629095062145 1.282195307349323 -5.056102543363232 0.05946550104912696
-2.720553393203663 -2.98274038101417 3.505245511175185 1.340700121492991
0.3635866688793552 -0.7619129634587621 -5.252180982208158 1.44369739060759
-1.707578162153387 -0.000000002241879321074336 -1.642564752555013 4.97679934385449
-2.931507606670511 -3.884062578354597 1.015160774994914 2.38162622918874
-0.860342775637774 -4.645975539571466 -2.594455454658233 -1.151475724058155
-1.817567935180987 2.365354480297134 3.005760767788908 3.528359540289361
1.465164291153942 -1.162118030594632 -2.434550144169999 -4.578003356661691
-1.260086074195147 2.763228437903885 4.479386397732906 1.046051165370897
2.091129018719243 1.5304273701859 -1.361095348189156 -4.670627880701228
1.670063370347119 5.060067104700062 -1.410313117767403 -0.00000000000184741111297626
-1.020095472515569 -1.210458334142319 4.156922581683686 -3.255236451217717
-1.150878511608376 -2.601867271005262 -4.040941768368319 2.441091730237862
-2.35696672432431 -3.744653344472933 -1.746935471032993 2.78439751210059
0.7892930320815684 5.213768438151163 1.598443165759345 -0.1448740276004718
0.488048861286873 0.5904774521482868 2.69651328485582 -4.74598089411313
-0.03693884011886173 3.647549787646466 -2.050341775574335 3.58782504133847
-1.255389102049719 -4.144858411608828 1.070695367005186 -3.237303235168701
-2.731884488065271 0.2338917886023273 4.261293258227035 2.169298365294926
1.86102292465192 0.864177253364501 -4.02402318408282 -3.159019249362203
0.03230273423456276 3.709084569991883 3.638183210622637 -1.840555613705354
1.312352996116224 3.23819646349077 1.407317694353733 -4.024132706530584
0.95878133325124 3.452024697002882 -3.907752477178131 1.508677658941431
-2.476781018500509 -3.524781377112581 3.077257084432496 -1.534384150548912
-0.1187225853676608 0.5254261850546555 -4.912563209928407 2.441091730236705
-2.987420398108823 -4.492757736938485 0.822183973049489 0.7725507438304444
-0.01833409661582697 5.204620179745796 1.223310951847692 1.340700121490003
0.13007994876205 -0.6763674192585333 1.669939482402928 -5.207617718438745
-1.206791303046685 -3.21056242958915 -4.23391857031374 0.832016244879563
-2.839275978571327 -2.457314195959532 -1.407317698753241 3.781791851729701
-1.699728561824547 3.361185244662235 3.389671816666941 2.169298365293784
1.23056925086741 0.1160728608989702 -1.454903740000343 -5.170866017632355
-3.443166525161146 -1.374150619094878 1.763853898816306 3.677976024238213
0.40433737866699 -1.450145789605744 -5.103688681334006 -1.438166948693407
-0.6717904860920216 1.530427366558465 -4.018820946545708 3.382002612843505
-2.652149927152506 -4.754117896023387 0.2814692897983049 -0.817075693375603
-1.675275427918841 3.709084567749997 1.995618458067634 3.136243730149126
1.675939664995565 2.476283500032008 -3.844863287854439 -2.580435315922993
-2.899204872435964 -0.174978008362694 4.653343985617553 0.5410706154833706
0.4520102204784325 -1.407779076080691 -1.18713776030451 -5.17560843058875
1.446830194538108 4.042502149151153 -1.211239192322314 -3.237303235171692
-1.687487986418956 1.688987061038604 4.675700250191831 -1.679258178149385
0.6205983223376945 2.476283498646461 -4.860024133655989 0.4953958337672592
-1.450566508695055 3.238196459863344 -1.250407904002835 4.028497787014149
-1.359761118722807 -3.808261763935391 -0.5597338973119516 -3.703682472451872
-3.430925949755552 -3.046348802718517 3.049882332341199 -0.1705805192049727
-3.02435923822769 -0.845207949292016 -1.228157802524855 4.360375785168915
-1.374111687417385 -3.619432226554181 -3.841867842923218 -0.7962115049319993
-1.169212608224223 2.602752908740552 -2.817630816520645 3.781791851727848
-2.226886775562262 -4.421020763731478 -0.07699598863005619 -2.423220206338163
-1.079863771332896 4.691401197927103 0.839399900250609 2.549986411355923
-0.3611988658755497 -1.646454683838907 0.3221083776440227 -5.23806666639481
-1.773103154814039 3.685916485605191 0.3535407810489048 3.677976024236356
-0.6157580938485862 -2.660604123748075 -0.946766099650328 -4.693403399911126
-2.850607073432944 0.7593179736569668 -0.6512699517013862 4.610390095531632
-1.126397473456904 -3.628580483573975 -3.201839211033334 -2.386468505531763
1.193630410748552 3.763622648545421 -3.505245515574682 -1.583040976293883
-2.955117663874288 -0.7836731669465933 4.460367183672132 -1.068004869874926
0.415853590800404 5.239511937935895 0.6345231098784742 -1.534384150552107
-0.808075853716723 1.355449361823192 3.2922486374284 -4.129557265217871
-1.710317445117412 3.943296805461576 3.408519344333084 0.5381396430857881
0.6709570603651724 1.48083877222101 -0.5495130639160757 -5.238066666395941
-2.536549317317832 2.377078154956868 -0.2402655970005975 4.270838712024725
-1.072480902971423 -3.254497091536096 -2.175330981766691 -3.72938900745153
-2.310909284332828 -1.40777907970813 -3.844863358661075 2.877022062955984
-3.067339280876189 -3.808261766177272 -2.202298649866979 1.273116871402626
0.07031164994473205 5.225492112810892 -1.647583199030153 0.5976051441348966
-0.6394877518574665 5.239511936550334 -0.3806377359230808 1.541446999138139
0.6405625100241934 4.76862383004922 -2.611503252191982 -0.6421300936870882
-2.619847192917967 -1.045033326031504 3.919652500420942 -2.65763130708098
-2.049596332838497 -1.501901608793175 2.95573244725911 -3.89736654490296
-1.339796931036298 -1.515921432532612 1.688786984152037 -4.8412083999062
0.2959516829297253 1.440634878145897 -5.252180960690628 -0.7962115049338396
-4.044454710743278 -2.055666283434346 2.928764779158843 1.105139333951182
-1.285054293527166 4.276393937753477 3.050054065904718 -1.068004869876767
0.1735349382329715 2.553164314403098 0.6516770661090058 -4.838277427511598
-1.163336313575765 0.01896930407249076 -5.252180986607667 1.201356535806707
-4.105996175482662 -3.385540437951868 0.4194254153037997 1.373086860362923
-3.55664478983341 1.166619820814544 3.916656984683093 1.015602260807008
0.5975824673756831 1.805570013163978 -3.585644099534115 -3.729389007453373
-3.570995358527997 1.355449358195754 0.6345230390718262 3.923073228326875
-0.2197802656135908 0.1226482904777588 -5.205958706850224 -1.793605817745244
-4.067284169441738 0.1986434609886245 1.661583873300096 3.32253715518636
-4.327425355071366 -1.045033328273391 2.277087747865934 2.319168036773506
-0.4799214512432195 -1.121028498784259 -4.590454832284383 -2.7969749361581
-0.976210262156957 -2.277834395991375 -3.563393998056122 -3.397511009298611
-0.3795329624913778 3.5581654959069 1.545419329491698 -3.897366544904803
-0.94978382257085 4.015033778668574 2.509339382653529 -2.657631307082824
-2.286655074379595 1.480838768337966 -3.394518670063142 3.382002656235464
-3.200474844446878 -4.10376887979845 -1.085209321109206 -1.456274814665115
0.1507054795345115 4.807474058826074 -0.6155038397497425 -2.620879606276433
-2.060927427700116 1.714730560823321 3.711780194310967 -3.06876830110103
-0.6755263926659049 3.241255408321354 -4.264288781083403 1.111819462662506
-3.804365391036704 -3.020605302933795 2.085962276460332 -1.56009064215661
-2.031551604814826 -2.277834397376934 -4.578554843857678 -0.3216798596083664
-4.102716435847568 -1.515921436160056 -0.968938614204537 3.211422093638535
-1.403776878894836 4.801820122808124 -1.862509144023693 1.373086860359935
-2.813885459875864 -1.939593422535384 1.473861039158514 -4.06572668368116
-3.640117332076274 -3.505812073040099 -2.174923902175172 -0.3330276147422221
-3.147214842231429 0.0664842590510335 -3.488327061874337 2.881764519304348
-4.124330272098508 1.819079741793954 1.642736367151481 2.713786981852921
-1.033256364813727 -0.657398115186056 -3.582241504204738 -4.006261182632048
-2.258642362411783 4.593645821686515 2.041840733425569 -0.1010594782037155
-0.18747753137904 3.831732860469639 -1.567775496227595 -3.634161431450613
-0.943907527922402 1.431250174000516 0.07478921256650728 -5.238066623003977
-3.015072358955151 2.193163135217393 3.684405442219663 -1.70496466975708
-0.4982555478590536 4.08359168096155 -3.367143880436707 -1.456274814668099
-3.93720422067969 -0.477723958269906 3.331523355703028 -1.885080563252382
-2.241693511195642 -0.6517441827955488 -4.992961798287347 0.05240284427632238
-4.763436092880108 -2.043942608774628 -0.3172615856306589 1.847618505686551
-1.102146094448871 5.166755257826195 -0.195972282867162 -1.560090642159598
-2.326075538966006 1.282692681713491 2.461753244682755 -4.155263756825348
-4.070413701613028 2.193163133831835 2.669244596418106 1.370866479933168
-0.7191986086986195 0.960362066113843 -3.171237149503952 -4.345812566138956
-3.923087976404361 -2.495179117879132 -2.826600933468089 0.881001088080095
-3.662946790774739 -1.251502328617117 -3.442104808033931 1.884370206492948
-0.54544644390387 2.564887989062826 -2.59434929868049 -4.095798255776234
-3.822699487652548 2.184014876812027 3.309273228308008 -0.2193905206666068
-1.056085823512188 1.59691162923692 -4.849422410063487 -1.78886336139688
-4.900203406271451 -0.7425836351362161 2.304462495557734 0.7130235506286563
-1.895055693532436 3.831732858227758 -3.210340248782595 1.342637912403863
-3.875415134592928 -2.452812404354089 1.089949987561433 -2.856440393815241
-2.426776770852004 0.960362063871963 -4.813801902058957 0.6309867777155269
-4.930756477250802 -2.452812405739651 0.07478914175986073 0.2193907558750051
-3.650706215369133 -2.923700512240756 -2.156076374509031 -1.964186336950224
-3.706827032733679 1.431250170373078 -2.582936385790068 2.814563870540749
-1.979284682893771 3.723590504017724 1.308149248228951 -3.299761400768067
-2.25302460605726 2.564887986820933 -4.236914051235487 0.881001088078241
-4.683042263290313 -2.461960662759456 0.7148177736497656 -1.370866244724768
-3.974143060798564 3.169825829376554 1.281181580128681 1.702744478086084
-1.753644649908781 -0.06126673064727517 -2.296448513431527 -4.693578049836812
-2.363014379084875 4.930242469359953 0.4114114691084278 -0.5674387154868855
-2.357535196498595 1.021896846217382 0.874723084138018 -4.797393877328305
-2.873653758693196 3.962266109534057 -1.843661642274578 1.739496178892473
-3.435039115117498 -1.904701665730858 -0.1300876486122566 -3.864979806033025
-3.230140035924341 4.317483469563858 0.894149377790322 0.7130235506268194
-2.076181296027763 0.3864532950945885 -0.6924998283797965 -5.044099812614601
-4.973577999260931 -0.4178523941932507 -0.7316685400603189 2.221701209571233
-2.902413168228185 -1.179765355410121 -4.34128476971348 -1.311400743675657
-1.615698014014432 2.961677540558964 -3.944031733979211 -1.856064010160479
-3.686862845047181 3.723590501775839 -0.3344155043260568 1.677037943086415
-2.839627458531554 -0.922385035553744 -1.286306206429288 -4.451237124826231
-4.910792289564307 -0.1604720743368702 2.323310023223877 -0.918135171579332
-3.941422073020212 2.709441061866682 -1.603289981620412 2.22170120957009
-3.532866842012692 -1.92786974787566 -1.772165325630995 -3.323247511945793
-1.764975744770386 3.155365438969211 -1.540400766379671 -3.864979806034875
-3.893749231208776 2.751807775391727 2.313260939409099 -1.515740272325243
-3.508413708106979 -1.579970424787895 -3.1662186842303 -2.356302147090458
-4.71998110340919 1.18558912488702 -1.335524001924582 2.216958796613691
-2.394474036617465 4.66944663386383 -1.175618691436316 -1.209568835989842
-3.618403481134584 0.7853840577511249 1.482106836113604 -3.804741950655586
-2.113120136146633 4.034003082741054 -2.742841603954133 -1.456274771276133
-4.485529137974058 0.1726250579550248 1.964844744795511 -2.524279684541888
-4.547205620684954 -0.922385037795629 -2.928870958984306 0.5255622190282494
-2.476257781866264 1.547323031272037 -4.037840125790396 -2.356302147091598
-5.350434777193708 0.4374847324214793 1.233595442157906 0.2051120283435455
-2.743573809931141 3.285898690275508 -0.1737221598716503 -3.468121539546275
-3.453373211733346 3.29991851401495 1.093223303235415 -2.524279684543028
-3.56980568213156 1.719680039770808 -3.82250710120533 0.2645775293926624
-5.196811175069927 -1.435417349742162 -0.5325946146152251 -1.015602025598612
-3.25481681225524 0.02347109429237348 -3.770074146094564 -2.361044560047997
-5.325981643287987 0.7853840555092575 -0.1604579164414162 1.172057393198892
-3.52674780472282 3.624649754957913 -1.942907732382625 -1.015602025600464
-4.589901154647141 0.5092217056284625 0.3344154804783548 -2.990658921825046
-4.604251723341726 0.6980512430096836 -2.947718465132906 -0.0831879543051945
-5.100540534255462 -0.4587546541974366 -1.920657630904649 -0.6837240274457004
-3.234852624568735 2.315811425695132 -1.521553264630561 -3.498570487502334
-4.514902886450409 2.786699532196256 0.7093122516383409 -1.314993394677108
-3.48941185254178 1.301661985785973 -2.790427741924903 -2.95390722101866
-5.208142269931553 1.781214819874343 0.2234531324366364 -0.1870037817966771
-4.290193967226618 2.315811424309576 -2.536714110432119 -0.4227393378120956
-5.046623963769978 -0.0846712621595529 -0.894149401638019 -2.026644529365458
-4.612730613345607 2.763531450051445 -0.93276542538039 -0.773261100589886
-4.30262093889576 1.062986378027758 -1.281181603976379 -3.016365456824721