4OFF
# Vertices for 5{3}2 , 4D real representation
600

# Vertices.  Each line is the XYZW coordinates of one vertex.
0.2008742297434896 0.7345720519415667 0.02746526846583927 0.7071067857888938
0.000000005956733994949559 0.907980993574484 -0.00000000488837581524848 0.5062325734845411
0.4539905101702474 0.707106776583176 0.2008742080244102 0.5781375951150048
-0.02746526360476448 0.69013229679171 0.2531162736445819 0.7345720709267997
0.4095507539113944 0.7071067765829487 -0.2008742285521176 0.6104249617552988
0.2531162967211323 0.610424957467046 0.4095507365307562 0.6901323126705025
0.1564344681222374 0.863541241884863 -0.2805815654979318 0.4814557809386843
0.1289691886195252 0.987688338098382 0.1564344622269844 0.2531162921431981
0.409550750793179 0.863541244534232 0.2805815532704692 0.2975560394726218
0.2805815767653281 0.4814557689019795 0.1564344524817607 0.86354124776811
0.02746528765776548 0.6901322978640856 -0.2531162897551402 0.7345720634686501
-0.156434456791855 0.863541239337459 0.2805815561996893 0.4814557946079902
0.6104249693460178 0.7345720577047357 -0.02746528753626837 0.4095507416281676
-0.2008742073473242 0.7345720498595593 -0.02746528375862814 0.7071067937200533
0.533697853873681 0.5062325572037799 -0.0000000132507552968314 0.7345720536113761
0.2975560444319243 0.7345720551573313 0.5336978341613523 0.4095507552974723
0.2008742158330298 0.987688339575148 -0.1564344678673357 0.2008742235656542
0.04443975864276767 0.891006520459245 0.4539904972155384 0.2805815744808587
0.4814557761589267 0.907981000250484 -0.000000004981161566552927 0.1564344653093577
0.5781376049028786 0.5781375912338735 0.4539904896709281 0.4539904997211909
-0.1289691884181971 0.987688337187287 -0.156434465478759 0.2531162937912674
0.00000001999638740701748 0.409550735440462 0.297556024062441 0.907981007947642
0.2531162889450015 0.578137588119213 -0.4539905097455292 0.6901323015804227
-0.200874217871624 0.987688336929206 0.1564344659118387 0.2008742360599004
0.6901323099312356 0.6901323062766219 0.2531162730111536 0.2531162778418609
-0.4095507353643576 0.7071067715503602 0.2008742155740622 0.6104249842994079
0.02746529658401484 0.4539904904332766 0.5781375854376993 0.734572071027247
-0.253116265589639 0.5781375839974259 0.4539904943942149 0.6901323236978227
0.297556034604906 0.7345720567939329 -0.5336978475498314 0.4095507420548758
0.7345720665532783 0.4814557756768492 -0.1564344776861944 0.5336978287827147
0.5781375967785607 0.6104249632297823 -0.409550756506346 0.4539904893842993
0.1564344842921836 0.2805815487999928 -0.04443976651603992 0.987688339962826
0.00000001451746532710185 0.4095507363529261 -0.2975560453361921 0.90798100056441
0.2805815545704911 0.987688342386521 0.1564344645227748 -0.04443974580637225
0.280581559736653 0.891006524486842 0.4539904979711725 0.04443976326219301
0.4095507629850754 0.4095507406396951 0.6104249540639749 0.6104249683500021
-0.04443975622122479 0.891006521372182 -0.4539905014452844 0.280581565121424
-0.2805815449322926 0.4814557663558939 -0.1564344724323328 0.863541255916688
0.4539905162887123 0.2531162737001145 -0.1289692019244605 0.891006515808011
0.1564344792468058 0.5336978349571745 0.7345720525530595 0.4814557896859045
-0.297556024966708 0.7345720519484814 0.533697839640273 0.4095507680554393
0.2531162752278371 0.891006524744988 -0.4539905023037724 0.1289691864124928
0.7071067794413514 0.6901323077536802 -0.2531162893909868 0.200874208042957
-0.253116273713958 0.6104249559933362 -0.4095507517830601 0.6901323133609322
0.4539905196071174 0.2008742100399229 0.2008742033666271 0.891006519290855
-0.4539904930075599 0.7071067723033222 -0.2008742202013223 0.5781376095959583
0.7071067961680041 0.2531162768144068 0.1289691721840434 0.7071067705800036
-0.04443974453994912 0.7071067765900904 0.7071067791988447 0.2805815773815498
0.5062325556545957 0.863541249386597 -0.2805815627452009 -0.000000004261397096305686
-0.1564344449700062 0.2805815469767257 0.0444397428690293 0.987688347772765
0.2805815725461528 0.2975560267679645 -0.4095507593276706 0.863541238601265
-0.2531162793068034 0.891006520623202 0.4539905018359713 0.1289692085298933
0.7345720560289786 0.7345720627464953 0.0274652719842714 0.02746527112256209
0.2531162719163266 0.987688343704076 -0.1564344642561167 -0.1289691829254947
0.2531162869091121 0.7071067799628961 0.7071067783403564 0.1289691986726176
-0.4095507473476544 0.863541240978042 -0.2805815580056245 0.2975560500704115
0.7345720727556309 0.297556031807223 0.4095507335593018 0.5336978336596085
0.1564344878491395 0.1289691760138107 0.2531162679508144 0.98768834188606
-0.02746526998445653 0.4539904919099673 -0.5781376022723943 0.7345720578595673
-0.5336978278375018 0.506232551448374 -0.00000000342373765449544 0.7345720764941231
-0.2805815387299395 0.2975560224862675 0.4095507388131633 0.863541260793582
0.7071067934129776 0.2008742141656908 -0.2008742332672453 0.7071067658784739
0.4539905043054156 0.4095507431277964 -0.610424975504147 0.5781375815790142
0.5336978601923362 0.156434458611809 0.4814557639140483 0.7345720555045499
-0.2975560347937267 0.734572053585083 -0.5336978420709098 0.4095507548128431
-0.4814557792433481 0.907980995058457 0.000000003883919019731508 0.1564344859521814
0.863541252773025 0.409550747414565 0.2975560238960192 0.2805815493646064
-0.6104249597078191 0.7345720510376799 0.0274652796267105 0.4095507684821479
0.891006532817221 0.2805815588494985 0.0444397398470238 0.4539904844622137
0.7071067883676003 0.4539905003228721 0.5781375858018536 0.2008742156015526
-0.2805815671271301 0.987688339840436 -0.1564344603913188 -0.04443973765779487
0.2008742388783371 0.200874210043904 0.7071067708724978 0.7071067879958749
0.04443974894467112 0.7071067792376944 -0.7071067839925251 0.2805815579307812
-0.2531162880972362 0.987688340494754 0.156434470484994 -0.1289691681913255
0.7345720590384678 0.6104249684329982 0.4095507410010581 -0.02746528150832157
-0.5781375838961653 0.610424955739237 0.4095507471134075 0.4539905243345837
0.863541247294104 0.4095507483270302 -0.297556045502613 0.2805815419813753
0.04443974335182579 0.987688343867561 0.1564344696265063 -0.2805815469002573
0.4814557753001979 0.7345720627504773 0.5336978394901433 -0.1564344601724189
-0.4539904808156631 0.2531162684087853 0.1289691805921832 0.891006538473338
0.5336978513272543 0.1564344600882079 -0.4814557914882254 0.7345720435582308
-0.2805815674398893 0.891006522853222 -0.4539904963415538 0.04443976402753861
0.6104249785486196 0.2531162789033299 0.690132295582945 0.4095507449153892
-0.2008741981447214 0.2531162710581541 0.6901322993605844 0.7071067970072756
0.4095507432256475 0.5336978407195438 -0.7345720657919976 0.2975560230309258
0.1564344833914142 0.04443974300578588 -0.2805815730343837 0.987688334278825
-0.1564344468919711 0.1289691751030084 -0.2531162920627488 0.987688342312768
0.1289691810277204 0.891006527139991 0.4539905030586133 -0.2531162681868693
0.4095507380352116 0.863541251475519 0.2805815606537005 -0.2975560299260111
-0.4539904839338785 0.4095507363600682 0.6104249624147705 0.5781376161906618
0.6901323035515445 0.4539905013948796 -0.578137602905823 0.2531162647746286
0.2805815825817707 -0.00000000933549187953631 0.5062325495973326 0.863541246492245
-0.1564344643593876 0.5336978355227711 -0.7345720628627777 0.4814557781662932
-0.156434441522679 0.04443974045838201 0.2805815486632373 0.98768834794813
0.200874225732914 0.2531162753406976 -0.6901323161297734 0.7071067712704324
0.2008742283540374 0.4539904971135509 0.891006520542964 0.2008742303357222
-0.5062325649670384 0.863541243066964 0.2805815653932768 0.00000002440579847559076
0.907980998323301 0.4814557823571236 0.1564344574190704 -0.0000000119088103203797
0.2008742050022251 0.891006528310537 -0.453990497730617 -0.2008742178387341
0.5062325667791647 0.5336978424589081 0.73457205530579 0.000000004485822602262601
-0.04443976603324493 0.987688343868033 -0.1564344596356835 -0.2805815488764605
0.00000001728990176030898 0.280581552179941 0.863541240376434 0.5062325768801438
0.280581550038556 0.7071067832652912 -0.7071067832368905 0.04443974671211623
-0.2805815557586143 0.7071067780711307 0.7071067843025767 0.04443977628766441
0.7071067712181408 0.7071067876502322 -0.2008742212262312 -0.2008742276960091
-0.2008742232235068 0.89100652475213 0.4539905054471904 -0.2008741979612567
0.6901322985061666 0.7071067875520609 0.2008742161632765 -0.2531162855022928
-0.4095507362230859 0.5336978340503535 0.7345720600453671 0.2975560588176316
0.7345720512623357 0.5781375990851652 -0.453990505275227 -0.02746529259840189
0.4539905164973121 -0.0444397607667398 -0.2805815747106417 0.891006510456396
-0.4539904835706896 0.2008742057600679 -0.2008742248591052 0.891006533771808
0.7071067991682542 -0.04443975811737139 0.2805815440577598 0.7071067689903319
-0.5781375916722969 0.5781375863914027 -0.4539904991628771 0.4539905132445039
-0.1289691758971891 0.4539904947256893 0.891006522931542 0.2531163005613346
0.4814557654731785 0.7345720643870786 -0.5336978422210416 -0.1564344734150155
-0.7345720488625579 0.4814557672755003 0.1564344659199969 0.533697864159708
0.891006530895255 0.128969186975782 -0.253116295084754 0.4539904790022161
0.2008742166834998 0.7071067835284453 0.707106782913513 -0.2008742055786086
0.2975560210235587 0.907981005860452 0.000000003733788167537 -0.4095507422756769
-0.40955074122919 0.4095507380949812 -0.6104249679544951 0.6104249707634173
0.4539905218666047 -0.1289691954113667 0.2531162660153447 0.891006516091756
-0.7071067782710967 0.6901322993520399 0.2531162865230247 0.2008742446413107
0.987688342026735 0.2805815629777272 -0.04443976385609445 0.1564344465875608
0.4539905187483892 0.02746527253991626 0.7345720478379319 0.5781375938090799
-0.6901323065210587 0.6901322996104133 -0.2531162771753924 0.2531163011513169
0.891006536264548 0.04443975233115505 0.2805815456412308 0.4539904846375787
-0.2531162890048991 0.7071067794016522 -0.7071067793720927 0.1289691919798157
0.4814557874920936 0.2805815588559412 0.863541240283649 0.1564344687049613
-0.1289692014889235 0.891006527141362 -0.4539904940457632 -0.2531162739220319
-0.5336978215188472 0.156434452856403 0.4814557737410655 0.7345720783872965
0.6104249659665758 0.2008742178912144 -0.7071067915795284 0.409550726971263
0.1564344891466893 -0.2008742292772755 0.2008742042906214 0.987688337390683
-0.200874210726766 0.2008742100460382 -0.7071067878018886 0.7071067790631494
-0.02746525530293169 -0.02746528780390237 0.7345720502454514 0.7345720685300215
0.1289691818539227 0.4539904988487946 -0.891006527819917 0.2531162729232066
-0.7071067685798117 0.2531162695844447 -0.1289691889532316 0.7071067976977055
0.0000000247412641737812 -0.1564344763689688 0.4814557661964558 0.907981003627629
0.000000001389452129677007 0.2805815548280168 -0.863541252077125 0.5062325554531734
0.7071067947105282 -0.1289691911253968 -0.2531162969274381 0.7071067613830968
-0.1289691898076496 0.7071067823592701 0.7071067865983664 -0.2531162616619054
0.5781375801616145 0.7345720676028423 -0.02746527652552771 -0.4539905039064369
-0.7071067652614074 0.2008742059242524 0.2008742163378555 0.7071068011805498
0.7345720659288632 -0.000000001487954495726918 -0.5062325762781647 0.5336978188273404
-0.7345720627730181 0.734572054909081 -0.02746527041317784 0.0274653019364675
0.987688345583691 0.1289691901915455 0.2531162706107591 0.1564344485107946
-0.4814557801020756 0.73457205755845 0.5336978483552228 -0.1564344395295959
0.863541237482084 0.5062325708228805 -0.000000003693011896288567 -0.2805815720165101
0.2531162844373344 0.4539905012424787 0.891006524154184 -0.1289691761554269
0.1564344474794126 0.863541253116103 -0.2805815535516125 -0.4814557744635887
-0.2975560483750749 0.907981002651603 0.00000000921270887355163 -0.4095507295177109
0.7071067802918217 0.4095507517069777 0.6104249613898616 -0.2008742211013065
-0.4539904778154131 -0.04443976652299328 0.2805815524659001 0.891006536883667
0.4095507526625173 0.02746527417628985 -0.7345720704497807 0.6104249472067766
0.156434486391663 -0.2531162919259924 -0.1289692011606668 0.987688332689153
-0.2805815455567091 -0.0000000108089095451902 -0.5062325710243039 0.863541245961314
-0.6901322975948104 0.4539904921796041 0.5781375980174477 0.2531163087099124
0.907980994104126 0.2975560402231082 -0.4095507543903611 -0.00000002107565652553767
-0.5336978303839286 0.1564344543328018 -0.4814557816612084 0.7345720664409768
0.4539905199446385 -0.2805815672850839 -0.04443976891643356 0.89100651063176
0.7345720651638265 0.2008742208488324 0.7071067743909314 0.02746527332954268
-0.4095507601056211 0.86354124791933 -0.280581550622393 -0.2975560193282205
-0.1564344774346795 0.863541250568699 0.280581568146008 -0.4814557607942836
0.6104249570622198 0.5781376014801677 0.4539905000871592 -0.4095507471977628
0.1289692007546233 0.1564344612689395 0.987688336507359 0.2531162927605055
0.1289691713296229 0.7071067859184412 -0.7071067781494507 -0.2531162847369466
-0.1564344446324847 -0.2008742303482811 -0.2008742294140316 0.987688339113669
0.00000001587618213283459 -0.1564344748925707 -0.4814557892058181 0.90798099168131
0.2531163038351256 -0.2008742260615124 0.7071067699861358 0.6901323068992607
-0.2008742246372264 0.4539904976796193 -0.891006524135063 0.2008742168399089
-0.1564344413140799 -0.2531162940084734 0.1289691758770563 0.987688342596514
0.02746528709451659 -0.02746528525512821 -0.734572068556546 0.7345720491255536
-0.734572053081733 0.2975560251414857 -0.4095507458894334 0.5336978549928622
0.7071067982674836 -0.2805815639115787 0.04443973753941538 0.7071067633063314
-0.4095507267862164 0.02746526750709982 0.7345720553875839 0.6104249829934815
0.4814557715916449 0.2805815615040169 -0.863541252169912 0.1564344472779896
-0.2805815546061223 0.453990497378838 0.891006528018981 -0.04443973088772793
0.6104249489379006 0.6104249734760768 -0.409550746090116 -0.4095507575346539
0.409550761225577 -0.000000002654518826972208 0.907980992016936 0.2975560371842244
0.6901323182330686 -0.02746527831899042 0.7345720496120224 0.2531162754450822
-0.2008742329216038 0.7071067835305797 -0.7071067757608734 -0.2008742145113334
-0.4814557899290949 0.7345720591950511 -0.5336978333559605 -0.156434452772192
-0.0000000098998837738673 0.7345720642344503 0.5336978482624371 -0.5062325477047781
0.453990485954603 0.6901323146989498 0.2531162854981153 -0.5781375926506565
-0.6104249505729712 0.2008742091400163 0.7071067820333693 0.4095507706891278
-0.863541239680533 0.4095507381021221 0.2975560397964683 0.2805815863896685
-0.156434446359458 -0.000000007851291727867249 0.907980994946155 0.4814557923195927
0.987688341125965 0.04443975718352022 -0.280581570374439 0.1564344409035594
0.2805815478048896 0.4539905031369337 -0.891006525524126 -0.0444397650263641
0.7345720520184027 0.2531162861456251 -0.6901323126113396 0.02746525660410037
-0.734572058674579 0.5781375897713515 0.4539905077295971 -0.02746524983817701
0.987688334689344 0.2531162887949943 -0.1289691938429396 -0.1564344848619622
-0.7071067874562442 0.7071067794087933 0.2008742283788706 -0.2008741923939327
0.98768833800775 0.2008742251348028 0.2008742114481475 -0.1564344813791173
-0.4539904822731403 -0.128969199531019 -0.2531162885192974 0.891006529276432
0.280581575755002 -0.2975560426306688 -0.4095507602401357 0.863541231659977
-0.89100651637779 0.2805815493771444 -0.04443975025143826 0.4539905215621934
0.891006533154742 -0.2008742184755081 -0.2008742324360367 0.4539904758031178
-0.2008742057365264 0.1564344600997638 0.987688340192214 0.2008742366772089
-0.4814557679101798 0.2805815536639137 0.863541249148729 0.1564344893477843
0.40955073046768 0.5336978476608318 -0.7345720584087664 -0.2975560463677067
0.6901322926413344 0.4095507540966812 -0.6104249673652815 -0.2531162990382831
-0.863541245159455 0.4095507390145871 -0.297556029602165 0.2805815790064374
0.891006536473148 -0.2531162821357001 0.128969172855051 0.4539904792859627
-0.7071067846507883 0.4539904944702972 -0.5781375893939521 0.2008742315740783
0.7345720759644804 -0.2975560375914108 0.4095507326468374 0.5336978267183213
-0.7345720667988971 0.6104249617672611 -0.4095507384476774 -0.02746526017506784
0.863541257517903 -0.1564344643948653 0.4814557660300345 0.2805815450445939
-0.0444397535122362 0.4539905014064351 0.891006528774616 -0.2805815421063935
0.409550727349465 0.6901323156121135 -0.2531162765861791 -0.6104249686503839
0.5781376115590544 -0.2531162846831034 0.6901322945526709 0.4539904929552677
-0.50623257253457 0.5336978392522765 -0.7345720536691895 0.000000007964102044510923
-0.6104249637183954 0.2531162744368104 -0.690132304968902 0.4095507539636865
0.533697861551053 -0.4095507526336868 0.2975560200444222 0.7345720466214489
-0.2805815355210904 -0.2975560469123662 0.4095507379006978 0.863541253852295
0.1564344670022812 -0.000000003379948043669145 -0.907981006892475 0.4814557630826813
-0.6901323169841915 0.7071067807256499 -0.2008742077143602 -0.2531162608965594
0.907981004139744 0.000000004119652230460957 0.5062325545346428 -0.00000001318467501842946
0.2805815667055879 0.156434465557079 0.987688338803151 -0.04443974518906477
-0.00000001972690222284967 0.7345720658710513 -0.5336978334487458 -0.5062325609473754
0.1564344586039809 0.5336978461884138 0.7345720644993781 -0.4814557657163694
0.2531162629440393 0.7345720685204197 0.02746528531965475 -0.6901323024134376
-0.4095507489810536 0.5336978409916416 0.734572067428598 -0.2975560105810006
0.7345720436705321 0.481455788126774 -0.1564344644435978 -0.5336978529284691
-0.2531162589334632 -0.2531162919195506 0.690132299275958 0.6901323169319
0.2008742126621873 0.1564344652947723 -0.987688344696777 0.200874203557134
-0.4539904787161833 -0.2805815723172003 0.04443974594755723 0.891006531199666
0.253116291253081 -0.2531162870736277 -0.6901323171763369 0.6901322889551343
-0.7071067683712124 -0.04443976488240986 -0.2805815617394129 0.7071067923460891
0.5336978560721311 -0.4095507517212225 -0.2975560493542102 0.7345720392382182
0.2805815819573553 -0.4814557865002962 0.1564344510053614 0.863541236536871
-0.4539904942564365 0.02746526989666212 -0.7345720620989846 0.5781375950474351
-0.891006512820833 0.1289691765909633 0.2531162842154162 0.4539905234854275
-0.7345720430461152 -0.00000001096197095075413 0.5062325630355682 0.5336978628838426
0.863541248652821 -0.1564344629184664 -0.4814557893722387 0.2805815330982751
0.7071067788781025 -0.02746527536553294 -0.7345720681923916 0.2008741936998594
-0.578137607548479 0.7345720612839735 0.02746529004294218 -0.4539904784368058
0.863541243800739 0.1564344722309092 0.4814557734717911 -0.2805815701233367
-0.7071067630019193 -0.1289691995270376 0.2531162789865732 0.7071067979814501
0.5781375984136307 -0.2008742193863103 -0.7071067924495999 0.4539904762298256
-0.907981003515328 0.4814557730451515 -0.1564344559426713 0.0000000231400497097134
0.987688346881241 -0.2008742150995418 0.2008742069505663 0.1564344440154176
0.02746530153749003 -0.4095507558430084 0.6104249547855337 0.734572061355618
-0.128969191589039 0.1564344629069113 -0.9876883423082 0.253116273782747
0.2975560529423566 -0.2805815639051355 0.86354123797604 0.4095507475490777
-0.2531162948628376 0.4539905012451674 -0.891006519561907 -0.1289691874113177
0.2008742036127732 0.61042497348252 0.4095507543465086 -0.707106773291906
-0.6104249730805678 0.6104249656373439 0.4095507581241481 -0.4095507212000207
0.89100651427831 0.2531162913488414 0.1289691848960652 -0.4539905142885202
0.409550736275714 0.4539905081813052 0.5781375986066615 -0.6104249610917886
-0.0274652956726584 0.7071067892983882 0.2008742287430246 -0.7345720478196279
0.4095507673440421 -0.45399050553758 0.5781375820680651 0.6104249578772301
-0.4814557838106305 0.2805815563119905 -0.863541243304831 0.1564344679208141
0.00000002219483724585913 -0.5062325734845411 -0.00000001204101485186015 0.907980993574484
-0.2531162720788872 -0.2008742266227568 -0.7071067877263141 0.6901323002064585
0.04443976920408732 -0.1564344695876567 0.987688336465125 0.280581568884981
0.04443973658622466 0.4539905046179737 -0.891006520420395 -0.2805815661202508
-0.4095507609643505 0.6901323104193234 0.2531162938489115 -0.6104249448099975
0.2975560323567254 0.2805815644659091 0.863541248998598 -0.4095507388800727
0.7345720498728846 0.2975560442571482 0.4095507468018991 -0.5336978480515739
-0.2531163004556832 0.7345720658750339 -0.02746526594287624 -0.6901322922423567
0.02746525655180829 0.7071067902105623 -0.2008742083477891 -0.7345720539814983
0.5781375893642164 0.2531162888014374 0.6901323065936853 -0.453990500619215
-0.7345720535704153 0.2531162761076761 0.690132312706035 0.02746530522369056
0.863541234935657 0.1564344737073091 -0.4814557819304827 -0.2805815820696557
-0.987688338345271 0.2805815521902044 0.04443976083491284 0.1564344900382141
0.987688344126214 -0.253116277748259 -0.1289691985007227 0.1564344393138875
-0.4539905181851402 0.6901323105792983 -0.2531162690365262 -0.578137579465981
0.6901323070843086 0.02746528350880056 0.7345720559767974 -0.2531162868082188
-0.89100651727856 0.04443974358293712 -0.2805815567697809 0.4539905158781925
0.7345720717453045 -0.4814557797254259 -0.1564344791625941 0.5336978175514755
-0.6901323079105111 0.409550744782396 0.6104249749017328 -0.2531162543018557
-0.2531162759621383 0.1564344636653122 0.98768834476537 -0.1289691675740171
0.891006511523284 0.2008742287001245 -0.2008742205552243 -0.4539905189900505
0.4539904795749114 0.4539905098172074 -0.5781375904188608 -0.5781376057178889
-0.907980997312976 0.2975560291755252 0.4095507553028251 0.00000002801694355680784
0.987688334897943 -0.04443974567186013 -0.2805815666291205 -0.1564344902135781
-0.2805815397402654 -0.4814557890463805 -0.1564344739087322 0.863541244685449
-0.02746526562548948 -0.4095507542673075 -0.6104249742683033 0.7345720473867949
0.04443975548692341 0.1564344670381191 0.987688343906882 -0.2805815462829495
0.2008741958366418 0.5781376041346867 -0.4539904919297769 -0.7071067843819869
0.2805815702979725 -0.1564344655600589 0.987688337220759 0.04443975766631514
-0.863541254971476 0.5062325615104379 0.00000001220743581220596 -0.2805815349914474
0.987688340267237 -0.1289691803164863 0.2531162740968655 -0.1564344845782168
-0.1564344850022112 0.5336978467540101 -0.7345720509164582 -0.4814557772359789
0.7345720661524595 -0.2008742150955598 0.707106774456437 -0.0274652872795639
-0.610424980856699 0.5781375962895101 -0.4539904881521365 -0.4095507322901012
-0.5781375767821723 -0.200874227789321 0.7071067805687873 0.4539905185633421
0.5062325545346406 0.000000004121786342792255 -0.907981004139744 -0.00000002211740018909225
-0.2008742323890889 0.5781376005762793 0.4539905112480305 -0.7071067645045104
0.5336978256390523 0.4095507574766289 0.2975560395271936 -0.7345720621209651
-0.7071067649238856 -0.2805815714007544 -0.04443975594520544 0.707106792521453
0.4539905092588912 -0.453990503148489 -0.5781376061563137 0.5781375719073861
-0.2975560164562753 -0.2805815671139851 0.863541243454962 0.4095507603070443
0.2531162687454838 0.1564344694237 -0.987688341085557 -0.128969202934015
-0.5336978201601299 -0.4095507583890934 0.2975560298714401 0.734572069504196
0.297556037041907 -0.28058156125706 -0.86354125447752 0.4095507261221067
0.2008742405134076 -0.6104249725721891 0.4095507349292444 0.7071067748414
-0.40955074846761 -0.000000004286768717776113 -0.907980999400168 0.2975560322144077
0.7071067933210755 -0.4095507459534129 0.610424955149687 0.2008742059299244
-0.7071067699692637 -0.02746528524357292 0.7345720631238953 0.2008742422445323
-0.7071067933210752 0.4095507459534142 -0.6104249551496867 -0.2008742059299232
0.7071067699692641 0.02746528524357303 -0.7345720631238942 -0.2008742422445327
-0.2008742405134081 0.6104249725721895 -0.4095507349292435 -0.7071067748414009
0.4095507484676099 0.000000004286768773287264 0.907980999400166 -0.2975560322144087
-0.2975560370419066 0.2805815612570598 0.863541254477519 -0.4095507261221066
0.5336978201601301 0.4095507583890941 -0.2975560298714396 -0.7345720695041949
-0.2531162687454837 -0.1564344694236995 0.987688341085558 0.1289692029340146
0.2975560164562759 0.2805815671139843 -0.863541243454962 -0.4095507603070443
-0.4539905092588923 0.4539905031484896 0.578137606156314 -0.5781375719073861
0.707106764923886 0.2805815714007539 0.04443975594520583 -0.7071067925214535
-0.5336978256390513 -0.4095507574766293 -0.2975560395271928 0.734572062120964
0.2008742323890893 -0.5781376005762795 -0.4539905112480312 0.7071067645045094
-0.5062325545346407 -0.000000004121786162381014 0.907981004139744 0.0000000221174012715597
0.5781375767821722 0.2008742277893219 -0.7071067805687879 -0.4539905185633422
0.1564344850022113 -0.5336978467540099 0.734572050916459 0.4814557772359803
-0.987688340267236 0.1289691803164871 -0.2531162740968656 0.1564344845782175
0.863541254971475 -0.5062325615104363 -0.00000001220743550689463 0.2805815349914477
-0.2805815702979721 0.15643446556006 -0.98768833722076 -0.04443975766631436
0.610424980856699 -0.5781375962895103 0.4539904881521362 0.4095507322901009
-0.7345720661524595 0.2008742150955594 -0.707106774456437 0.02746528727956363
-0.2008741958366417 -0.578137604134686 0.4539904919297762 0.7071067843819868
-0.04443975548692357 -0.1564344670381183 -0.987688343906881 0.2805815462829503
0.0274652656254889 0.4095507542673078 0.6104249742683035 -0.7345720473867944
0.2805815397402663 0.4814557890463814 0.1564344739087313 -0.863541244685449
-0.987688334897944 0.04443974567185985 0.2805815666291202 0.1564344902135788
0.907980997312975 -0.2975560291755247 -0.4095507553028249 -0.00000002801694452825298
-0.4539904795749118 -0.4539905098172068 0.5781375904188618 0.5781376057178893
-0.891006511523285 -0.2008742287001235 0.2008742205552239 0.4539905189900505
0.6901323079105111 -0.4095507447823953 -0.6104249749017328 0.2531162543018564
0.2531162759621388 -0.1564344636653124 -0.98768834476537 0.128969167574018
-0.7345720717453055 0.4814557797254253 0.1564344791625932 -0.5336978175514759
0.89100651727856 -0.04443974358293795 0.2805815567697815 -0.453990515878192
0.4539905181851397 -0.6901323105792971 0.2531162690365268 0.5781375794659819
-0.6901323070843067 -0.02746528350880018 -0.7345720559767972 0.2531162868082184
-0.987688344126214 0.2531162777482594 0.1289691985007219 -0.1564344393138877
0.987688338345271 -0.2805815521902036 -0.04443976083491249 -0.1564344900382136
-0.863541234935657 -0.156434473707308 0.4814557819304831 0.2805815820696558
0.7345720535704164 -0.2531162761076764 -0.6901323127060348 -0.0274653052236899
-0.7345720498728835 -0.2975560442571471 -0.409550746801898 0.5336978480515743
-0.02746525655180826 -0.7071067902105606 0.2008742083477887 0.7345720539814979
0.4095507609643501 -0.6901323104193217 -0.2531162938489107 0.6104249448099974
-0.2975560323567261 -0.2805815644659082 -0.863541248998598 0.409550738880074
0.2531163004556836 -0.7345720658750324 0.0274652659428754 0.6901322922423559
-0.5781375893642171 -0.2531162888014372 -0.6901323065936841 0.4539905006192154
-0.0444397365862234 -0.4539905046179733 0.891006520420395 0.2805815661202503
-0.04443976920408734 0.1564344695876573 -0.987688336465125 -0.28058156888498
0.2531162720788878 0.2008742266227571 0.7071067877263135 -0.6901323002064585
-0.00000002219483755117047 0.5062325734845412 0.00000001204101490737131 -0.907980993574482
0.4814557838106293 -0.2805815563119896 0.863541243304831 -0.1564344679208136
-0.4095507673440407 0.4539905055375798 -0.5781375820680652 -0.6104249578772292
-0.409550736275714 -0.4539905081813052 -0.5781375986066614 0.6104249610917885
0.02746529567265782 -0.7071067892983884 -0.200874228743024 0.7345720478196267
-0.89100651427831 -0.2531162913488406 -0.1289691848960646 0.453990514288521
0.6104249730805686 -0.6104249656373439 -0.4095507581241481 0.4095507212000211
-0.2008742036127733 -0.6104249734825189 -0.409550754346508 0.707106773291907
0.253116294862838 -0.4539905012451672 0.891006519561906 0.1289691874113168
-0.2975560529423568 0.2805815639051356 -0.863541237976039 -0.4095507475490781
0.1289691915890401 -0.1564344629069104 0.987688342308199 -0.2531162737827467
-0.02746530153749049 0.4095507558430088 -0.6104249547855323 -0.7345720613556168
-0.987688346881241 0.2008742150995419 -0.200874206950567 -0.1564344440154184
0.907981003515327 -0.4814557730451518 0.1564344559426711 -0.00000002314004945991321
-0.5781375984136313 0.2008742193863108 0.7071067924496002 -0.4539904762298264
0.7071067630019193 0.1289691995270376 -0.2531162789865729 -0.7071067979814499
-0.863541243800738 -0.1564344722309098 -0.4814557734717912 0.2805815701233361
0.578137607548478 -0.7345720612839739 -0.02746529004294118 0.4539904784368062
-0.863541248652821 0.1564344629184673 0.4814557893722387 -0.2805815330982746
-0.7071067788781024 0.0274652753655337 0.7345720681923912 -0.20087419369986
0.891006512820834 -0.1289691765909625 -0.2531162842154174 -0.4539905234854278
0.734572043046116 0.00000001096197086575268 -0.5062325630355677 -0.533697862883843
-0.5336978560721316 0.4095507517212232 0.2975560493542106 -0.734572039238217
0.7071067683712126 0.04443976488241086 0.280581561739412 -0.707106792346088
0.4539904942564359 -0.0274652698966624 0.7345720620989856 -0.5781375950474352
-0.2805815819573547 0.4814557865002953 -0.156434451005362 -0.863541236536871
-0.2531162912530804 0.2531162870736287 0.690132317176338 -0.6901322889551337
0.4539904787161836 0.2805815723172009 -0.04443974594755695 -0.891006531199665
-0.2008742126621864 -0.1564344652947721 0.987688344696776 -0.2008742035571347
0.2531162589334634 0.2531162919195507 -0.6901322992759575 -0.6901323169319
-0.7345720436705303 -0.4814557881267737 0.1564344644435974 0.5336978529284682
0.4095507489810532 -0.533697840991641 -0.7345720674285987 0.2975560105810018
-0.2531162629440392 -0.7345720685204208 -0.02746528531965525 0.6901323024134377
-0.1564344586039817 -0.5336978461884144 -0.734572064499379 0.4814557657163693
0.00000001972690286122791 -0.7345720658710517 0.5336978334487466 0.5062325609473746
-0.2805815667055889 -0.1564344655570783 -0.987688338803151 0.04443974518906415
0.6901323169841918 -0.7071067807256487 0.2008742077143594 0.2531162608965593
-0.907981004139744 -0.000000004119652285972109 -0.5062325545346416 0.00000001318467574007443
-0.1564344670022819 0.000000003379948432247204 0.907981006892475 -0.4814557630826813
0.2805815355210907 0.2975560469123652 -0.4095507379006987 -0.863541253852294
-0.5336978615510524 0.4095507526336879 -0.2975560200444222 -0.734572046621448
0.6104249637183957 -0.2531162744368093 0.690132304968902 -0.4095507539636857
0.5062325725345707 -0.5336978392522758 0.7345720536691891 -0.000000007964101766955167
-0.578137611559054 0.2531162846831039 -0.6901322945526695 -0.4539904929552669
-0.4095507273494655 -0.6901323156121139 0.2531162765861797 0.6104249686503847
0.04443975351223727 -0.4539905014064345 -0.891006528774616 0.2805815421063922
0.7345720667988963 -0.6104249617672605 0.4095507384476779 0.02746526017506895
-0.863541257517902 0.1564344643948657 -0.4814557660300352 -0.2805815450445934
-0.891006536473147 0.2531162821357001 -0.1289691728550501 -0.4539904792859616
0.7071067846507884 -0.4539904944702966 0.5781375893939519 -0.2008742315740784
0.863541245159455 -0.4095507390145864 0.297556029602164 -0.2805815790064371
-0.73457207596448 0.2975560375914101 -0.4095507326468361 -0.5336978267183216
-0.4095507304676794 -0.5336978476608312 0.7345720584087663 0.2975560463677074
-0.6901322926413346 -0.409550754096681 0.6104249673652818 0.2531162990382832
0.2008742057365271 -0.1564344600997639 -0.987688340192214 -0.2008742366772085
0.4814557679101792 -0.2805815536639138 -0.863541249148729 -0.1564344893477842
-0.891006533154742 0.2008742184755084 0.2008742324360371 -0.4539904758031177
0.89100651637779 -0.2805815493771444 0.04443975025143843 -0.4539905215621945
-0.2805815757550012 0.2975560426306695 0.4095507602401347 -0.863541231659977
0.453990482273139 0.128969199531019 0.2531162885192976 -0.891006529276431
-0.987688338007749 -0.2008742251348019 -0.2008742114481485 0.1564344813791177
0.7071067874562429 -0.7071067794087923 -0.2008742283788698 0.2008741923939334
-0.987688334689344 -0.2531162887949949 0.1289691938429384 0.1564344848619623
0.7345720586745785 -0.5781375897713508 -0.4539905077295975 0.02746524983817655
-0.2805815478048888 -0.4539905031369333 0.891006525524126 0.04443976502636474
-0.987688341125965 -0.04443975718351941 0.2805815703744386 -0.1564344409035592
-0.7345720520184029 -0.2531162861456257 0.6901323126113398 -0.02746525660410007
0.863541239680535 -0.4095507381021214 -0.297556039796468 -0.2805815863896682
0.1564344463594578 0.000000007851292310734337 -0.907980994946156 -0.4814557923195919
0.6104249505729708 -0.2008742091400155 -0.7071067820333694 -0.409550770689128
-0.4539904859546031 -0.6901323146989493 -0.2531162854981144 0.5781375926506568
0.00000000989988493960148 -0.7345720642344502 -0.533697848262438 0.5062325477047787
0.2008742329216029 -0.7071067835305788 0.7071067757608737 0.2008742145113338
-0.6901323182330684 0.02746527831899042 -0.7345720496120225 -0.2531162754450818
-0.4095507612255758 0.000000002654519049016812 -0.907980992016936 -0.2975560371842241
0.4814557899290948 -0.7345720591950519 0.5336978333559603 0.1564344527721921
-0.6104249489379002 -0.6104249734760776 0.409550746090116 0.4095507575346543
0.280581554606122 -0.4539904973788381 -0.891006528018981 0.04443973088772804
-0.4814557715916435 -0.280581561504017 0.863541252169911 -0.156434447277989
0.4095507267862159 -0.02746526750709916 -0.7345720553875829 -0.6104249829934808
-0.7071067982674829 0.2805815639115785 -0.04443973753941674 -0.707106763306331
0.7345720530817337 -0.2975560251414858 0.4095507458894346 -0.5336978549928615
-0.02746528709451654 0.02746528525512813 0.7345720685565455 -0.7345720491255539
0.1564344413140786 0.2531162940084732 -0.1289691758770552 -0.987688342596514
0.2008742246372258 -0.4539904976796182 0.891006524135062 -0.2008742168399093
-0.2531163038351257 0.2008742260615117 -0.7071067699861354 -0.6901323068992608
-0.00000001587618313203532 0.1564344748925709 0.4814557892058185 -0.90798099168131
0.1564344446324851 0.2008742303482808 0.2008742294140323 -0.987688339113669
-0.1289691713296236 -0.7071067859184409 0.7071067781494502 0.2531162847369469
-0.128969200754622 -0.1564344612689397 -0.987688336507361 -0.2531162927605067
-0.6104249570622184 -0.5781376014801669 -0.4539905000871597 0.4095507471977626
0.1564344774346796 -0.863541250568698 -0.2805815681460075 0.4814557607942842
0.4095507601056212 -0.863541247919328 0.2805815506223929 0.297556019328221
-0.7345720651638264 -0.2008742208488317 -0.7071067743909316 -0.02746527332954166
-0.4539905199446385 0.280581567285084 0.04443976891643472 -0.89100651063176
0.5336978303839294 -0.1564344543328018 0.4814557816612083 -0.7345720664409773
-0.907980994104125 -0.297556040223107 0.4095507543903599 0.00000002107565622022634
0.6901322975948094 -0.4539904921796035 -0.578137598017447 -0.2531163087099112
-0.1564344863916632 0.2531162919259936 0.1289692011606676 -0.987688332689152
0.2805815455567089 0.00000001080891010030172 0.5062325710243036 -0.863541245961313
-0.4095507526625179 -0.02746527417628903 0.7345720704497807 -0.6104249472067758
0.4539904778154144 0.0444397665229928 -0.2805815524658999 -0.891006536883667
-0.156434447479413 -0.863541253116102 0.2805815535516133 0.4814557744635893
-0.2531162844373332 -0.4539905012424776 -0.891006524154184 0.1289691761554276
-0.7071067802918224 -0.4095507517069779 -0.6104249613898608 0.2008742211013066
0.2975560483750751 -0.907981002651603 -0.00000000921270953968545 0.4095507295177097
-0.863541237482083 -0.5062325708228807 0.000000003693012562422382 0.2805815720165104
0.4814557801020762 -0.7345720575584495 -0.5336978483552233 0.1564344395295946
-0.98768834558369 -0.1289691901915458 -0.2531162706107593 -0.1564344485107944
0.734572062773018 -0.7345720549090816 0.0274652704131782 -0.02746530193646795
-0.7345720659288617 0.000000001487955550438791 0.5062325762781653 -0.5336978188273406
0.7071067652614074 -0.200874205924252 -0.2008742163378554 -0.7071068011805495
-0.5781375801616154 -0.7345720676028424 0.02746527652552755 0.453990503906439
0.1289691898076495 -0.7071067823592694 -0.7071067865983669 0.2531162616619065
-0.7071067947105277 0.1289691911253972 0.2531162969274386 -0.7071067613830964
-0.000000001389451984222473 -0.2805815548280166 0.863541252077125 -0.5062325554531726
-0.00000002474126361361258 0.15643447636897 -0.481455766196456 -0.907981003627628
0.7071067685798127 -0.253116269584444 0.1289691889532314 -0.7071067976977046
-0.1289691818539236 -0.4539904988487942 0.891006527819917 -0.2531162729232055
0.02746525530293106 0.02746528780390267 -0.7345720502454519 -0.734572068530021
0.2008742107267655 -0.2008742100460376 0.7071067878018873 -0.7071067790631488
-0.1564344891466892 0.2008742292772759 -0.2008742042906226 -0.987688337390683
-0.6104249659665758 -0.2008742178912138 0.7071067915795278 -0.4095507269712634
0.5336978215188475 -0.1564344528564021 -0.4814557737410662 -0.7345720783872963
0.1289692014889243 -0.89100652714136 0.4539904940457617 0.2531162739220311
-0.4814557874920949 -0.2805815588559404 -0.863541240283649 -0.156434468704961
-0.891006536264547 -0.04443975233115427 -0.2805815456412313 -0.4539904846375777
0.2531162890049002 -0.7071067794016512 0.7071067793720921 -0.1289691919798149
-0.4539905187483888 -0.0274652725399151 -0.7345720478379317 -0.5781375938090784
0.6901323065210594 -0.6901322996104127 0.253116277175393 -0.253116301151316
-0.987688342026735 -0.2805815629777266 0.04443976385609555 -0.1564344465875604
0.7071067782710974 -0.6901322993520399 -0.253116286523024 -0.2008742446413107
-0.4539905218666044 0.1289691954113671 -0.2531162660153443 -0.891006516091755
0.4095507412291902 -0.4095507380949798 0.610424967954494 -0.6104249707634169
-0.2008742166835 -0.7071067835284448 -0.7071067829135117 0.2008742055786088
-0.2975560210235578 -0.907981005860452 -0.00000000373378905571542 0.4095507422756775
-0.891006530895256 -0.1289691869757812 0.2531162950847541 -0.4539904790022168
0.7345720488625577 -0.4814557672755003 -0.156434465919997 -0.5336978641597081
-0.481455765473179 -0.7345720643870783 0.5336978422210406 0.1564344734150168
0.1289691758971893 -0.4539904947256892 -0.891006522931541 -0.2531163005613341
-0.7071067991682539 0.04443975811737094 -0.2805815440577598 -0.7071067689903319
0.5781375916722964 -0.5781375863914031 0.4539904991628767 -0.4539905132445044
-0.4539905164973123 0.04443976076674028 0.2805815747106411 -0.891006510456395
0.4539904835706887 -0.2008742057600677 0.2008742248591056 -0.891006533771809
-0.7345720512623361 -0.578137599085165 0.4539905052752273 0.02746529259840189
0.4095507362230867 -0.5336978340503532 -0.7345720600453671 -0.2975560588176308
-0.6901322985061659 -0.707106787552061 -0.2008742161632766 0.2531162855022924
0.2008742232235057 -0.89100652475213 -0.4539905054471891 0.2008741979612568
-0.7071067712181407 -0.7071067876502318 0.2008742212262318 0.2008742276960101
0.2805815557586154 -0.7071067780711311 -0.7071067843025758 -0.04443977628766477
-0.2805815500385559 -0.7071067832652921 0.7071067832368914 -0.04443974671211554
-0.00000001728990153826437 -0.2805815521799412 -0.863541240376434 -0.506232576880144
0.04443976603324384 -0.987688343868033 0.1564344596356837 0.280581548876461
-0.5062325667791646 -0.5336978424589082 -0.7345720553057909 -0.000000004485822630018177
0.506232564967039 -0.863541243066963 -0.2805815653932769 -0.00000002440579746906139
-0.2008742050022255 -0.891006528310537 0.453990497730617 0.2008742178387348
-0.907980998323301 -0.4814557823571228 -0.1564344574190702 0.00000001190881045234817
-0.2008742283540368 -0.4539904971135502 -0.891006520542964 -0.2008742303357214
-0.2008742257329128 -0.2531162753406972 0.6901323161297732 -0.7071067712704327
0.156434441522679 -0.04443974045838157 -0.2805815486632372 -0.987688347948129
0.1564344643593873 -0.5336978355227702 0.7345720628627782 -0.481455778166294
-0.2805815825817707 0.0000000093354914354471 -0.5062325495973317 -0.863541246492245
-0.6901323035515444 -0.4539905013948792 0.5781376029058237 -0.253116264774628
0.453990483933879 -0.4095507363600682 -0.6104249624147705 -0.5781376161906611
-0.409550738035212 -0.863541251475519 -0.2805815606536994 0.2975560299260114
-0.1289691810277212 -0.891006527139991 -0.4539905030586137 0.2531162681868692
-0.1564344833914141 -0.0444397430057851 0.2805815730343836 -0.987688334278824
0.1564344468919719 -0.1289691751030081 0.2531162920627485 -0.987688342312769
-0.4095507432256479 -0.5336978407195435 0.7345720657919973 -0.297556023030925
0.2008741981447209 -0.2531162710581544 -0.6901322993605855 -0.7071067970072753
0.2805815674398897 -0.891006522853222 0.4539904963415539 -0.04443976402753943
-0.6104249785486195 -0.2531162789033305 -0.6901322955829445 -0.4095507449153896
-0.5336978513272542 -0.1564344600882073 0.481455791488226 -0.7345720435582304
0.453990480815664 -0.2531162684087854 -0.128969180592183 -0.891006538473339
-0.481455775300197 -0.734572062750476 -0.5336978394901424 0.1564344601724194
-0.0444397433518261 -0.98768834386756 -0.1564344696265059 0.2805815469002586
-0.863541247294104 -0.4095507483270304 0.2975560455026125 -0.2805815419813747
0.5781375838961661 -0.6104249557392365 -0.4095507471134074 -0.4539905243345847
-0.7345720590384666 -0.6104249684329979 -0.4095507410010574 0.02746528150832174
0.2531162880972368 -0.987688340494754 -0.1564344704849945 0.1289691681913253
-0.04443974894467017 -0.7071067792376942 0.7071067839925245 -0.280581557930781
-0.2008742388783368 -0.2008742100439034 -0.707106770872497 -0.7071067879958735
0.2805815671271299 -0.987688339840434 0.156434460391319 0.04443973765779541
-0.7071067883675988 -0.4539905003228713 -0.5781375858018539 -0.2008742156015524
-0.89100653281722 -0.280581558849498 -0.04443973984702481 -0.4539904844622135
0.6104249597078186 -0.7345720510376783 -0.02746527962671021 -0.4095507684821468
-0.863541252773026 -0.4095507474145654 -0.2975560238960198 -0.2805815493646058
0.4814557792433471 -0.907980995058456 -0.000000003883918964220356 -0.1564344859521814
-0.5336978601923357 -0.1564344586118089 -0.4814557639140488 -0.7345720555045487
0.2975560347937262 -0.7345720535850827 0.5336978420709103 -0.4095507548128429
-0.7071067934129776 -0.2008742141656903 0.2008742332672461 -0.7071067658784729
-0.4539905043054155 -0.4095507431277962 0.6104249755041478 -0.5781375815790144
0.2805815387299389 -0.2975560224862671 -0.4095507388131631 -0.863541260793581
0.5336978278375022 -0.506232551448374 0.000000003423737876540045 -0.7345720764941227
0.02746526998445552 -0.4539904919099669 0.5781376022723951 -0.734572057859568
-0.1564344878491389 -0.1289691760138115 -0.2531162679508139 -0.98768834188606
0.4095507473476547 -0.863541240978041 0.2805815580056241 -0.2975560500704119
-0.7345720727556314 -0.297556031807222 -0.4095507335593015 -0.5336978336596092
-0.253116271916326 -0.987688343704076 0.156434464256117 0.128969182925495
-0.2531162869091124 -0.7071067799628972 -0.707106778340356 -0.1289691986726173
-0.7345720560289777 -0.7345720627464953 -0.02746527198427234 -0.02746527112256203
0.2531162793068032 -0.891006520623201 -0.4539905018359709 -0.1289692085298928
-0.2805815725461522 -0.2975560267679636 0.4095507593276697 -0.863541238601263
0.156434444970006 -0.2805815469767247 -0.04443974286902986 -0.987688347772765
-0.5062325556545961 -0.863541249386597 0.280581562745201 0.00000000426139795672853
0.0444397445399489 -0.7071067765900904 -0.7071067791988456 -0.2805815773815499
-0.7071067961680048 -0.2531162768144068 -0.1289691721840425 -0.7071067705800037
0.4539904930075602 -0.7071067723033214 0.2008742202013228 -0.5781376095959587
0.2531162737139582 -0.6104249559933353 0.4095507517830596 -0.6901323133609307
-0.4539905196071174 -0.2008742100399218 -0.2008742033666264 -0.891006519290855
-0.2531162752278378 -0.891006524744987 0.4539905023037728 -0.1289691864124921
-0.7071067794413517 -0.6901323077536801 0.2531162893909867 -0.2008742080429569
0.297556024966708 -0.7345720519484816 -0.5336978396402725 -0.4095507680554389
-0.1564344792468057 -0.5336978349571739 -0.7345720525530595 -0.4814557896859048
-0.4539905162887123 -0.2531162737001144 0.1289692019244594 -0.891006515808011
0.2805815449322926 -0.4814557663558936 0.1564344724323329 -0.863541255916688
0.04443975622122406 -0.891006521372182 0.453990501445285 -0.2805815651214237
-0.4095507629850757 -0.4095507406396951 -0.6104249540639755 -0.6104249683500013
-0.2805815545704908 -0.98768834238652 -0.1564344645227747 0.044439745806373
-0.2805815597366525 -0.891006524486843 -0.4539904979711734 -0.04443976326219262
-0.00000001451746491076822 -0.4095507363529256 0.2975560453361926 -0.90798100056441
-0.156434484292184 -0.280581548799992 0.04443976651604006 -0.987688339962826
-0.7345720665532771 -0.4814557756768482 0.1564344776861944 -0.5336978287827135
-0.2975560346049055 -0.7345720567939312 0.5336978475498306 -0.4095507420548751
0.2531162655896396 -0.5781375839974253 -0.453990494394214 -0.690132323697822
-0.5781375967785597 -0.6104249632297826 0.4095507565063462 -0.4539904893842993
0.4095507353643582 -0.7071067715503597 -0.2008742155740626 -0.6104249842994075
-0.02746529658401422 -0.453990490433276 -0.5781375854376998 -0.7345720710272467
-0.690132309931236 -0.6901323062766226 -0.2531162730111528 -0.2531162778418602
0.2008742178716246 -0.987688336929206 -0.1564344659118381 -0.2008742360599012
-0.2531162889450021 -0.5781375881192126 0.4539905097455287 -0.690132301580423
-0.00000001999638754579536 -0.4095507354404613 -0.2975560240624409 -0.907981007947642
-0.5781376049028777 -0.5781375912338717 -0.4539904896709279 -0.45399049972119
0.1289691884181967 -0.987688337187286 0.1564344654787588 -0.253116293791266
-0.4814557761589256 -0.907981000250483 0.000000004981161344508322 -0.156434465309357
-0.04443975864276722 -0.891006520459245 -0.4539904972155384 -0.2805815744808577
-0.2008742158330286 -0.987688339575148 0.1564344678673354 -0.2008742235656543
-0.2975560444319244 -0.7345720551573319 -0.5336978341613524 -0.4095507552974722
0.2008742073473237 -0.7345720498595584 0.02746528375862851 -0.7071067937200533
-0.5336978538736817 -0.50623255720378 0.00000001325075457692115 -0.7345720536113761
-0.6104249693460178 -0.7345720577047349 0.02746528753626801 -0.4095507416281677
0.1564344567918559 -0.863541239337458 -0.2805815561996887 -0.4814557946079904
-0.02746528765776551 -0.690132297864085 0.2531162897551409 -0.7345720634686516
-0.2805815767653285 -0.4814557689019788 -0.1564344524817606 -0.863541247768111
-0.4095507507931792 -0.863541244534232 -0.2805815532704695 -0.2975560394726209
-0.128969188619525 -0.987688338098382 -0.156434462226984 -0.2531162921431972
-0.1564344681222365 -0.863541241884863 0.2805815654979325 -0.4814557809386847
-0.2531162967211325 -0.6104249574670465 -0.409550736530756 -0.6901323126705018
-0.409550753911395 -0.7071067765829493 0.2008742285521185 -0.6104249617552987
0.02746526360476395 -0.6901322967917096 -0.2531162736445827 -0.7345720709268001
-0.000000005956734272505315 -0.907980993574483 0.0000000048883755654483 -0.506232573484541
-0.4539905101702477 -0.7071067765831761 -0.2008742080244106 -0.5781375951150052
-0.2008742297434882 -0.7345720519415661 -0.02746526846583929 -0.7071067857888936