4OFF
# Vertices for 2{6}4 , 4D real representation
48

# Vertices.  Each line is the XYZW coordinates of one vertex.
-0.923879538181497 -2.230442516502686 -0.923879533864362 -0.3826833039988495
-2.23044252352685 -0.923879585224643 -0.3826834197809425 -0.92387942190487
-0.3826834620428405 -0.923879572036331 -2.230442488342071 -0.923879502531309
-1.306562922082608 -1.306562899751485 -1.30656298341538 1.306563054256034
-0.923879510852425 -2.230442484895349 0.923879521552158 0.3826835839223942
-0.00000005081266322981559 -1.84775915718019 0.00000001662546922354124 -1.847758972864953
-2.230442464625757 -0.923879495786583 0.3826834217581684 0.923879652723751
-1.847759068561131 -0.00000000005712225137344262 -1.847759061484019 0.00000003424431360699032
-0.923879602239592 -0.3826835436377359 -0.923879504107697 -2.230442461179034
-1.306562998304212 -1.306563039367199 1.306562979134493 -1.306562842699594
0.923879550631583 -2.230442471707033 -0.923879547008969 0.3826835032959531
0.0000000640580886668296 -1.847758972864953 -0.00000002975666357762918 1.847759157180185
1.306562926444258 -1.306563020716108 -1.306562955622532 -1.306562956722598
0.923879530379636 -2.23044251644557 0.923879527619659 -0.3826833382431611
0.3826834601227112 -0.923879477135488 -2.23044251299885 0.923879538700748
-2.230442528683853 0.923879477078368 0.3826834515148332 -0.923879504456432
-1.30656301267443 1.306562899670705 -1.306562941333105 -1.306563005827264
-2.230442472714196 0.923879571955549 -0.3826834364064127 0.923879550960079
-0.923879601444253 0.3826833145268424 0.923879563634437 -2.230442476160903
-1.847759061484015 -0.00000001318831421848188 1.847759068561126 0.0000000806264405239787
-0.923879460039769 -0.3826833277151569 0.923879504926688 2.23044255678734
0.3826833960646223 0.923879495729456 -2.230442483242189 -0.923879618479437
0.92387946003976 0.3826833277151556 -0.923879504926693 -2.230442556787342
-0.3826833960646265 -0.92387949572946 2.230442483242186 0.923879618479439
-0.923879466321547 0.3826835435806204 -0.923879557376323 2.23044249542334
0.382683411230178 -0.923879585143863 2.230442504967537 -0.923879470333641
-0.3826834112301778 0.923879585143862 -2.230442504967541 0.923879470333641
0.923879466321541 -0.3826835435806172 0.923879557376319 -2.230442495423343
0.923879601444243 -0.3826833145268462 -0.923879563634434 2.230442476160902
1.306563012674424 -1.306562899670708 1.306562941333099 1.306563005827263
2.23044247271419 -0.92387957195555 0.3826834364064072 -0.923879550960083
1.847759061484011 0.0000000131883105547459 -1.847759068561127 -0.0000000806264385255773
2.230442528683847 -0.923879477078371 -0.3826834515148364 0.923879504456434
-0.923879530379637 2.230442516445564 -0.923879527619662 0.3826833382431562
-0.00000006405809616083502 1.847758972864944 0.00000002975666268945076 -1.847759157180184
-1.306562926444266 1.306563020716106 1.306562955622531 1.306562956722598
-0.3826834601227189 0.923879477135488 2.230442512998848 -0.923879538700746
-0.923879550631592 2.230442471707031 0.923879547008964 -0.3826835032959543
2.230442464625753 0.923879495786578 -0.3826834217581752 -0.923879652723751
0.923879602239583 0.3826835436377392 0.923879504107693 2.230442461179031
1.306562998304212 1.306563039367197 -1.306562979134493 1.306562842699593
1.847759068561132 0.00000000005711858763746136 1.847759061484018 -0.00000003424431238574499
0.923879510852421 2.230442484895344 -0.923879521552159 -0.3826835839223971
0.00000005081265473660945 1.847759157180189 -0.00000001662546639247253 1.847758972864947
0.382683462042834 0.923879572036328 2.230442488342069 0.92387950253131
1.3065629220826 1.306562899751485 1.306562983415376 -1.306563054256035
2.230442523526849 0.923879585224641 0.3826834197809413 0.923879421904871
0.923879538181492 2.230442516502686 0.923879533864355 0.3826833039988447