4OFF
# Vertices for 2{6}3 , 4D real representation
16

# Vertices.  Each line is the XYZW coordinates of one vertex.
0.2783748184591917 1.443813503450839 0.887063927701838 -1.335319595991864
0.4821593043481577 1.443813468861418 1.443813496102411 0.5747855847237771
1.443813510006845 0.574785541446783 -0.4821592582645194 -1.44381348757522
1.443813476672654 -0.2783748413588159 1.335319626753481 0.887063917794368
1.335319654868247 0.887063880419196 -1.443813482908003 0.278374793255632
-1.443813485235918 0.4821593343226739 0.5747855545032965 -1.443813481748813
-0.887063882658772 1.33531962262822 0.2783747774477075 1.443813514397265
0.887063882658773 -1.335319622628219 -0.2783747774477057 -1.443813514397265
-0.5747855086656203 1.44381350332114 -1.443813496281822 0.4821592912916454
0.5747855086656229 -1.443813503321141 1.443813496281823 -0.4821592912916449
1.443813485235921 -0.4821593343226741 -0.5747855545032965 1.443813481748815
-1.335319654868246 -0.887063880419196 1.443813482908002 -0.278374793255634
-1.443813476672653 0.2783748413588141 -1.335319626753479 -0.887063917794369
-0.4821593043481558 -1.44381346886142 -1.443813496102411 -0.57478558472378
-1.443813510006845 -0.5747855414467824 0.4821592582645192 1.44381348757522
-0.2783748184591912 -1.44381350345084 -0.887063927701838 1.335319595991864